# x, y
0.000000000000000000e+00 -4.000000000000000000e+01
1.572368695490386839e-02 1.281354817884984811e+02
3.144737390980773678e-02 -2.491076601243455002e+01
4.717106086471160864e-02 6.769837553980612199e+01
6.289474781961547356e-02 -7.886522498375393297e+01
7.861843477451933848e-02 -1.959382413046549232e+01
9.434212172942321728e-02 -9.503052637093598776e+01
1.100658086843270822e-01 1.777131806954254500e+02
1.257894956392309471e-01 -7.774082889025176257e+01
1.415131825941348120e-01 8.296847538046671389e+01
1.572368695490386770e-01 -1.084448414255304840e+02
1.729605565039425419e-01 1.355196512426446418e+02
1.886842434588464346e-01 -2.099377600838068361e+02
2.044079304137502995e-01 5.864718904664903931e+01
2.201316173686541644e-01 1.089902461369994171e+02
2.358553043235580293e-01 -3.638141960345375736e+01
2.515789912784618942e-01 3.637187501557679070e+01
2.673026782333657869e-01 -1.834397733818236986e+01
2.830263651882696241e-01 -1.429934902500971532e+02
2.987500521431735168e-01 7.615034464745903620e+01
3.144737390980773539e-01 7.583191533646115090e+01
3.301974260529812466e-01 -5.627096084156011813e+01
3.459211130078850838e-01 8.281774299223859259e+01
3.616447999627889764e-01 -1.030722427939985835e+02
3.773684869176928691e-01 1.035772070246152339e+02
3.930921738725967063e-01 -2.020317144915800043e+02
4.088158608275005990e-01 1.120581921409784769e+02
4.245395477824044361e-01 6.327297089342148695e+01
4.402632347373083288e-01 3.851423171362540643e+00
4.559869216922121660e-01 -3.698283595825024861e+01
4.717106086471160586e-01 4.462509625190817530e+01
4.874342956020198958e-01 -2.191636972889455137e+02
5.031579825569237885e-01 1.994225116465852352e+02
5.188816695118276812e-01 -1.931251105138590418e+01
5.346053564667315738e-01 -3.163885838524137739e+00
5.503290434216353555e-01 1.849783056538204917e+01
5.660527303765392482e-01 -1.004040674246175513e+01
5.817764173314431408e-01 -2.599671416112267508e+01
5.975001042863470335e-01 -1.069259453256019583e+02
6.132237912412508152e-01 1.289899241568693355e+02
6.289474781961547079e-01 2.681522473401031448e+00
6.446711651510586005e-01 5.588737311162523014e+01
6.603948521059624932e-01 -8.438816551373514585e+01
6.761185390608663859e-01 3.094874997053216248e+01
6.918422260157701675e-01 -1.730046943512685971e+02
7.075659129706740602e-01 2.139624255739740022e+02
7.232895999255779529e-01 -7.074488154493792536e+01
7.390132868804818456e-01 5.835016419178750624e+01
7.547369738353857382e-01 -7.254477776398863398e+01
7.704606607902895199e-01 1.015513166244721646e+02
7.861843477451934126e-01 -1.645704589120002765e+02
8.019080347000973052e-01 7.514007938328866487e+00
8.176317216550011979e-01 1.228746817210154063e+02
8.333554086099049796e-01 -3.673047124280355291e+01
8.490790955648088723e-01 6.225493459281889841e+01
8.648027825197127649e-01 -5.848710097731554214e+01
8.805264694746166576e-01 -7.174527023338774256e+01
8.962501564295205503e-01 -2.163448076428480249e+01
9.119738433844243319e-01 1.366369039332030866e+02
9.276975303393282246e-01 -7.328637201433650716e+01
9.434212172942321173e-01 9.088507763386664351e+01
9.591449042491360100e-01 -1.182478937530273413e+02
9.748685912040397916e-01 1.367366278003974003e+02
9.905922781589436843e-01 -2.202905257587222536e+02
1.006315965113847577e+00 8.735669193442912217e+01
1.022039652068751359e+00 9.241721267200449574e+01
1.037763339023655362e+00 -2.400744989365925619e+01
1.053487025978559144e+00 6.247681384675260574e+00
1.069210712933463148e+00 1.394252086064604157e+01
1.084934399888366929e+00 -1.878202990782091604e+02
1.100658086843270711e+00 1.406886983542206053e+02
1.116381773798174715e+00 3.078335475815416800e+01
1.132105460753078496e+00 -3.615085510458712292e+01
1.147829147707982500e+00 6.191636179773445292e+01
1.163552834662886282e+00 -7.101991945100938608e+01
1.179276521617790063e+00 5.539759234441435609e+01
1.195000208572694067e+00 -1.679749592859169525e+02
1.210723895527597849e+00 1.227985275248220347e+02
1.226447582482501630e+00 3.715062766428525265e+01
1.242171269437405634e+00 2.855562004452906422e+01
1.257894956392309416e+00 -6.479282646330962336e+01
1.273618643347213419e+00 5.103970780477988001e+01
1.289342330302117201e+00 -2.155750854425380112e+02
1.305066017257020983e+00 2.197655225820715259e+02
1.320789704211924986e+00 -4.779719632828484777e+01
1.336513391166828768e+00 2.437182250359801827e+01
1.352237078121732772e+00 -2.159906954487356856e+01
1.367960765076636553e+00 4.189541191284018851e+01
1.383684452031540335e+00 -9.117307961019321283e+01
1.399408138986444339e+00 -5.568284563423235056e+01
1.415131825941348120e+00 1.289366242994436220e+02
1.430855512896252124e+00 -1.941967179235921037e+01
1.446579199851155906e+00 6.673359779128780644e+01
1.462302886806059687e+00 -8.250320115084898021e+01
1.478026573760963691e+00 -5.344911137633886256e+00
1.493750260715867473e+00 -1.159287825434115575e+02
1.509473947670771476e+00 1.884826606766409327e+02
1.525197634625675258e+00 -7.745505535968700883e+01
1.540921321580579040e+00 7.839545841946583948e+01
1.556645008535483043e+00 -1.020095917552513640e+02
1.572368695490386825e+00 1.305484677207681443e+02
1.588092382445290607e+00 -2.023143306346620420e+02
1.603816069400194610e+00 4.788881429216105801e+01
1.619539756355098392e+00 1.130583727299917598e+02
1.635263443310002396e+00 -3.815692772814990263e+01
1.650987130264906178e+00 4.418286154455092429e+01
1.666710817219809959e+00 -2.857594687455133098e+01
1.682434504174713963e+00 -1.267854431016505004e+02
1.698158191129617745e+00 5.379029854698902113e+01
1.713881878084521748e+00 9.036872223616501287e+01
1.729605565039425530e+00 -6.133962476256774465e+01
1.745329251994329312e+00 8.673551418376436573e+01
1.761052938949233315e+00 -1.095708560455636302e+02
1.776776625904137097e+00 1.148108343387941801e+02
1.792500312859041101e+00 -2.093592364092866660e+02
1.808223999813944882e+00 1.074073369716383439e+02
1.823947686768848664e+00 7.082795794712085069e+01
1.839671373723752668e+00 -3.540247677709771779e+00
1.855395060678656449e+00 -2.701649438721241125e+01
1.871118747633560231e+00 3.927864241677244905e+01
1.886842434588464235e+00 -2.151985016379800584e+02
1.902566121543368016e+00 1.886551254964773818e+02
1.918289808498272020e+00 -8.651781747407628842e+00
1.934013495453175802e+00 -1.145535648289819619e+01
1.949737182408079583e+00 3.005473178674557033e+01
1.965460869362983587e+00 -2.574757013500650515e+01
1.981184556317887369e+00 -5.705020108667667955e+00
1.996908243272791372e+00 -1.224196418788315555e+02
2.012631930227695154e+00 1.282079591645969856e+02
2.028355617182599158e+00 1.052160041515463718e+01
2.044079304137502717e+00 5.046889837891053787e+01
2.059802991092406721e+00 -8.188987872842632498e+01
2.075526678047310725e+00 3.868762418255194291e+01
2.091250365002214284e+00 -1.867349856510515451e+02
2.106974051957118288e+00 2.184378127022530975e+02
2.122697738912022292e+00 -6.679247497555874702e+01
2.138421425866926295e+00 5.086041814783136772e+01
2.154145112821829855e+00 -6.131898174786355327e+01
2.169868799776733859e+00 8.915716849011550948e+01
2.185592486731637862e+00 -1.492373228566236207e+02
2.201316173686541422e+00 -6.590256378672748383e+00
2.217039860641445426e+00 1.249632679052542414e+02
2.232763547596349429e+00 -3.410896593604920213e+01
2.248487234551252989e+00 6.535227331850994403e+01
2.264210921506156993e+00 -6.608179567375444208e+01
2.279934608461060996e+00 -5.484004105448124022e+01
2.295658295415965000e+00 -4.505825513742085775e+01
2.311381982370868560e+00 1.502055549107880950e+02
2.327105669325772563e+00 -7.551438326171199833e+01
2.342829356280676567e+00 8.963592887626303707e+01
2.358553043235580127e+00 -1.171097396482274462e+02
2.374276730190484130e+00 1.388458555390899392e+02
2.390000417145388134e+00 -2.194186414932620153e+02
2.405724104100291694e+00 7.941906323882807328e+01
2.421447791055195697e+00 9.812193407519238519e+01
2.437171478010099701e+00 -2.885927552652692896e+01
2.452895164965003261e+00 1.621071493832671706e+01
2.468618851919907264e+00 4.319078795576348995e+00
2.484342538874811268e+00 -1.754357991800102923e+02
2.500066225829715272e+00 1.221652935197528080e+02
2.515789912784618831e+00 4.431256552391546677e+01
2.531513599739522835e+00 -4.295966959592790602e+01
2.547237286694426839e+00 6.969863350760763865e+01
2.562960973649330398e+00 -8.263619392628470450e+01
2.578684660604234402e+00 7.207728464914112010e+01
2.594408347559138406e+00 -1.800509386961044811e+02
2.610132034514041965e+00 1.201038294742496504e+02
2.625855721468945969e+00 4.545148795994023772e+01
2.641579408423849973e+00 2.093956243509778403e+01
2.657303095378753977e+00 -5.708211557351047105e+01
2.673026782333657536e+00 5.096058031436668756e+01
2.688750469288561540e+00 -2.194201997714046684e+02
2.704474156243465544e+00 2.158244416731769206e+02
2.720197843198369103e+00 -3.995772277259071359e+01
2.735921530153273107e+00 1.579744067469827229e+01
2.751645217108177111e+00 -8.904803667308321735e+00
2.767368904063080670e+00 2.587981857515801920e+01
2.783092591017984674e+00 -7.131796385907752267e+01
2.798816277972888678e+00 -7.158350023415570718e+01
2.814539964927792237e+00 1.293650227812177036e+02
2.830263651882696241e+00 -1.320879857109305533e+01
2.845987338837600245e+00 6.457466385447365553e+01
2.861711025792504248e+00 -8.471931332016612259e+01
2.877434712747407808e+00 7.612749823000513061e+00
2.893158399702311812e+00 -1.354860492855056009e+02
2.908882086657215815e+00 1.980153239487412122e+02
2.924605773612119375e+00 -7.633563414328440899e+01
2.940329460567023379e+00 7.297037614087830093e+01
2.956053147521927382e+00 -9.417748129009939362e+01
2.971776834476830942e+00 1.235619765236324952e+02
2.987500521431734946e+00 -1.926814445141075680e+02
3.003224208386638949e+00 3.626716295253497435e+01
3.018947895341542953e+00 1.166300525748087296e+02
3.034671582296446513e+00 -3.888542063932404602e+01
3.050395269251350516e+00 5.102488570086601527e+01
3.066118956206254520e+00 -3.851295636402669231e+01
3.081842643161158080e+00 -1.099584096435955729e+02
3.097566330116062083e+00 3.074106496733329408e+01
3.113290017070966087e+00 1.049340186550208500e+02
3.129013704025869647e+00 -6.578723745184026939e+01
3.144737390980773650e+00 8.939873216000455614e+01
3.160461077935677654e+00 -1.142892120215091580e+02
3.176184764890581214e+00 1.240180261554360754e+02
3.191908451845485217e+00 -2.149027559790444570e+02
3.207632138800389221e+00 1.020469823085081202e+02
3.223355825755293225e+00 7.801007082471423359e+01
3.239079512710196784e+00 -1.053783924557126284e+01
3.254803199665100788e+00 -1.673956762092469575e+01
3.270526886620004792e+00 3.260121924328541354e+01
3.286250573574908351e+00 -2.089791529288464460e+02
3.301974260529812355e+00 1.758637159302477357e+02
3.317697947484716359e+00 2.800817404049720238e+00
3.333421634439619918e+00 -1.949594933482285697e+01
3.349145321394523922e+00 4.091617876504062679e+01
3.364869008349427926e+00 -4.083217778156544853e+01
3.380592695304331485e+00 1.414865833384519789e+01
3.396316382259235489e+00 -1.374081643772875623e+02
3.412040069214139493e+00 1.270223207008538395e+02
3.427763756169043496e+00 1.863961914737966197e+01
3.443487443123947056e+00 4.428935460752531128e+01
3.459211130078851060e+00 -7.799750043677980216e+01
3.474934817033755063e+00 4.459782916801168540e+01
3.490658503988658623e+00 -1.982843910066916919e+02
3.506382190943562627e+00 2.210609773695252613e+02
3.522105877898466630e+00 -6.192684491982752348e+01
3.537829564853370190e+00 4.295025223235340661e+01
3.553553251808274194e+00 -4.942911492666502937e+01
3.569276938763178197e+00 7.551277846012945361e+01
3.585000625718082201e+00 -1.324792319440568633e+02
3.600724312672985761e+00 -2.130802020500151173e+01
3.616447999627889764e+00 1.266337377843687477e+02
3.632171686582793768e+00 -3.052191845285752692e+01
3.647895373537697328e+00 6.718418047636896517e+01
3.663619060492601331e+00 -7.258474833636009294e+01
3.679342747447505335e+00 -3.848733795336076469e+01
3.695066434402408895e+00 -6.800495674368394816e+01
3.710790121357312898e+00 1.631027286727723435e+02
3.726513808312216902e+00 -7.699233821686159729e+01
3.742237495267120462e+00 8.727268350640314054e+01
3.757961182222024465e+00 -1.142264479529119399e+02
3.773684869176928469e+00 1.387029824911471962e+02
3.789408556131832473e+00 -2.164438470429613233e+02
3.805132243086736032e+00 7.061643158654750607e+01
3.820855930041640036e+00 1.033216240513288682e+02
3.836579616996544040e+00 -3.282869442300128782e+01
3.852303303951447599e+00 2.568525562447410948e+01
3.868026990906351603e+00 -5.751483312004609161e+00
3.883750677861255607e+00 -1.615821250783868379e+02
3.899474364816159166e+00 1.022111524053879350e+02
3.915198051771063170e+00 5.828934198605151096e+01
3.930921738725967174e+00 -4.927575961988178221e+01
3.946645425680871178e+00 7.633511321587579346e+01
3.962369112635774737e+00 -9.280106729492632667e+01
3.978092799590678741e+00 8.727760503123229796e+01
3.993816486545582745e+00 -1.908360272673978102e+02
4.009540173500486304e+00 1.168556816698452394e+02
4.025263860455390308e+00 5.360755241521466985e+01
4.040987547410294312e+00 1.321539811403889075e+01
4.056711234365198315e+00 -4.847864816193808934e+01
4.072434921320102319e+00 4.912066507940705407e+01
4.088158608275005435e+00 -2.207966639970016161e+02
4.103882295229909438e+00 2.097514022456198006e+02
4.119605982184813442e+00 -3.121248680149286514e+01
4.135329669139717446e+00 7.217689068879046488e+00
4.151053356094621449e+00 3.632216410328165779e+00
4.166777043049525453e+00 9.673127597202444861e+00
4.182500730004428569e+00 -5.102773544593316046e+01
4.198224416959332572e+00 -8.754751837237495238e+01
4.213948103914236576e+00 1.294243251136874164e+02
4.229671790869140580e+00 -6.375651949187684409e+00
4.245395477824044583e+00 6.129335158453017129e+01
4.261119164778948587e+00 -8.547213573565413469e+01
4.276842851733852591e+00 1.910148001585818633e+01
4.292566538688755706e+00 -1.534647164965920467e+02
4.308290225643659710e+00 2.061459830861716114e+02
4.324013912598563714e+00 -7.435948990755630916e+01
4.339737599553467717e+00 6.679067277504512390e+01
4.355461286508371721e+00 -8.510053123134152031e+01
4.371184973463275725e+00 1.147002871027020632e+02
4.386908660418178840e+00 -1.811318640984513308e+02
4.402632347373082844e+00 2.381385055699234599e+01
4.418356034327986848e+00 1.197204479417468406e+02
4.434079721282890851e+00 -3.855676434786519735e+01
4.449803408237794855e+00 5.678950358821083455e+01
4.465527095192698859e+00 -4.793933732634501865e+01
4.481250782147602862e+00 -9.279474924476627962e+01
4.496974469102505978e+00 7.267395959886663093e+00
4.512698156057409982e+00 1.193740791485079171e+02
4.528421843012313985e+00 -6.958043032505665337e+01
4.544145529967217989e+00 9.081411715926904549e+01
4.559869216922121993e+00 -1.171878608868658347e+02
4.575592903877025996e+00 1.310911170101012715e+02
4.591316590831930000e+00 -2.185472385876238377e+02
4.607040277786833116e+00 9.593082127144906224e+01
4.622763964741737119e+00 8.477083461185350188e+01
4.638487651696641123e+00 -1.700290389990831841e+01
4.654211338651545127e+00 -6.346347194078077791e+00
4.669935025606449130e+00 2.477781410560124442e+01
4.685658712561353134e+00 -2.006451474755862421e+02
4.701382399516256250e+00 1.611435866573332873e+02
4.717106086471160253e+00 1.498504810062372172e+01
4.732829773426064257e+00 -2.721915521605403399e+01
4.748553460380968261e+00 5.094588745925795337e+01
4.764277147335872264e+00 -5.506570029706706038e+01
4.780000834290776268e+00 3.329755373731668300e+01
4.795724521245680272e+00 -1.517027112974071201e+02
4.811448208200583387e+00 1.254072450559969241e+02
4.827171895155487391e+00 2.692791935791684921e+01
4.842895582110391395e+00 3.749176564561737734e+01
4.858619269065295398e+00 -7.279216837831677367e+01
4.874342956020199402e+00 4.863965751656633785e+01
4.890066642975103406e+00 -2.075285351849909716e+02
4.905790329930006521e+00 2.217282816794376004e+02
4.921514016884910525e+00 -5.613905409358231680e+01
4.937237703839814529e+00 3.472331796342933075e+01
4.952961390794718533e+00 -3.707109758258359022e+01
4.968685077749622536e+00 6.085332469212232809e+01
4.984408764704526540e+00 -1.145016032157551393e+02
5.000132451659430544e+00 -3.653473902102243187e+01
5.015856138614333659e+00 1.279043027029948405e+02
5.031579825569237663e+00 -2.603181233226887770e+01
5.047303512524141667e+00 6.774530370930112610e+01
5.063027199479045670e+00 -7.786303134475518561e+01
5.078750886433949674e+00 -2.293910405695091015e+01
5.094474573388853678e+00 -9.019571314803329187e+01
5.110198260343756793e+00 1.751511057270948868e+02
5.125921947298660797e+00 -7.769310246774179518e+01
5.141645634253564801e+00 8.386577792546916044e+01
5.157369321208468804e+00 -1.096797688984625836e+02
5.173093008163372808e+00 1.363444021252699940e+02
5.188816695118276812e+00 -2.113616768584478223e+02
5.204540382073180815e+00 6.093466787186115141e+01
5.220264069028083931e+00 1.080107045799374390e+02
5.235987755982987935e+00 -3.584332389345706815e+01
5.251711442937891938e+00 3.450393607359157500e+01
5.267435129892795942e+00 -1.603656021356295014e+01
5.283158816847699946e+00 -1.465076171115710792e+02
5.298882503802603949e+00 8.103411165601470145e+01
5.314606190757507953e+00 7.259741688470398913e+01
5.330329877712411069e+00 -5.505520129433499221e+01
5.346053564667315072e+00 8.177002912121739087e+01
5.361777251622219076e+00 -1.013806237078400017e+02
5.377500938577123080e+00 1.007992663589794660e+02
5.393224625532027083e+00 -2.001609726796037876e+02
5.408948312486931087e+00 1.130067648044048383e+02
5.424671999441834203e+00 6.153700681552740548e+01
5.440395686396738206e+00 5.544631066198604685e+00
5.456119373351642210e+00 -3.915118150186107471e+01
5.471843060306546214e+00 4.562229217265574732e+01
5.487566747261450217e+00 -2.197309361897239341e+02
5.503290434216354221e+00 2.015476974614184940e+02
5.519014121171258225e+00 -2.158473381292064630e+01
5.534737808126161340e+00 -1.281252941551120017e+00
5.550461495081065344e+00 1.583146634575325074e+01
5.566185182035969348e+00 -6.464482583547868089e+00
5.581908868990873351e+00 -3.057018489749308188e+01
5.597632555945777355e+00 -1.034083489716419706e+02
5.613356242900681359e+00 1.291116809388182958e+02
5.629079929855584474e+00 9.761225075034758447e-01
5.644803616810488478e+00 5.698222407005564349e+01
5.660527303765392482e+00 -8.475032716859183779e+01
5.676250990720296485e+00 2.897335945955066450e+01
5.691974677675200489e+00 -1.696486218626380946e+02
5.707698364630104493e+00 2.127193679132080035e+02
5.723422051585008496e+00 -7.150564122650860099e+01
5.739145738539911612e+00 5.995807610926755160e+01
5.754869425494815616e+00 -7.494651966273208643e+01
5.770593112449719619e+00 1.041312394336009106e+02
5.786316799404623623e+00 -1.677877384672414678e+02
5.802040486359527627e+00 1.057717720472082590e+01
5.817764173314431631e+00 1.223480106012928417e+02
5.833487860269334746e+00 -3.717978403874745652e+01
5.849211547224238750e+00 6.139112200575642220e+01
5.864935234179142753e+00 -5.665353286923931364e+01
5.880658921134046757e+00 -7.557729312038094349e+01
5.896382608088950761e+00 -1.635584032978256630e+01
5.912106295043854765e+00 1.335263147524928797e+02
5.927829981998758768e+00 -7.268789760270654199e+01
5.943553668953661884e+00 9.100590827122165649e+01
5.959277355908565887e+00 -1.182574909076046623e+02
5.975001042863469891e+00 1.359553484383388025e+02
5.990724729818373895e+00 -2.202005225011130847e+02
6.006448416773277899e+00 8.901693279427935579e+01
6.022172103728181902e+00 9.107270039822898866e+01
6.037895790683085906e+00 -2.280968136130461232e+01
6.053619477637989021e+00 3.969206868907413366e+00
6.069343164592893025e+00 1.601158354545184181e+01
6.085066851547797029e+00 -1.903670006739147027e+02
6.100790538502701033e+00 1.446189264898619911e+02
6.116514225457605036e+00 2.782768481107376246e+01
6.132237912412509040e+00 -3.456447429686656392e+01
6.147961599367412155e+00 6.002518416165077042e+01
6.163685286322316159e+00 -6.823737203948914498e+01
6.179408973277220163e+00 5.148437993234342969e+01
6.195132660232124167e+00 -1.651137700068732670e+02
6.210856347187028170e+00 1.233303379372586619e+02
6.226580034141932174e+00 3.528218736789783350e+01
6.242303721096836178e+00 3.022870130095002139e+01
6.258027408051739293e+00 -6.638026383634391436e+01
6.273751095006643297e+00 5.080846299927178222e+01
6.289474781961547301e+00 -2.143768792376262695e+02
6.305198468916451304e+00 2.203577001768694572e+02
6.320922155871355308e+00 -4.942597542219810691e+01
6.336645842826259312e+00 2.628073143661100630e+01
6.352369529781162427e+00 -2.444236876344356801e+01
6.368093216736066431e+00 4.542679881604234993e+01
6.383816903690970435e+00 -9.553032077610637884e+01
6.399540590645874438e+00 -5.214908015137996244e+01
6.415264277600778442e+00 1.287899604435417871e+02
6.430987964555682446e+00 -2.071433469455310217e+01
6.446711651510586449e+00 6.705532976467861772e+01
6.462435338465489565e+00 -8.181050017150717224e+01
6.478159025420393569e+00 -8.428350993458352036e+00
6.493882712375297572e+00 -1.113596718824550180e+02
6.509606399330201576e+00 1.861739871654617104e+02
6.525330086285105580e+00 -7.759056187478790889e+01
6.541053773240009583e+00 7.949619564966114638e+01
6.556777460194912699e+00 -1.035760847104069171e+02
6.572501147149816703e+00 1.318403822986926173e+02
6.588224834104720706e+00 -2.041975906154349616e+02
6.603948521059624710e+00 5.037219563641502162e+01
6.619672208014528714e+00 1.121915433992058269e+02
6.635395894969432717e+00 -3.784978665529506969e+01
6.651119581924336721e+00 4.251474006389943128e+01
6.666843268879239837e+00 -2.630389958567679543e+01
6.682566955834143840e+00 -1.304763109377659021e+02
6.698290642789047844e+00 5.886320834441195871e+01
6.714014329743951848e+00 8.710782705761147326e+01
6.729738016698855851e+00 -6.025802737869936010e+01
6.745461703653759855e+00 8.596760259424152650e+01
6.761185390608662971e+00 -1.082691698020957745e+02
6.776909077563566974e+00 1.124684387714482057e+02
6.792632764518470978e+00 -2.078698753347511854e+02
6.808356451473374982e+00 1.085080658362705606e+02
6.824080138428278985e+00 6.916769120869795984e+01
6.839803825383182989e+00 -1.915178892123691412e+00
6.855527512338086993e+00 -2.928066235049863053e+01
6.871251199292990108e+00 4.059686275602565786e+01
6.886974886247894112e+00 -2.162859472235305986e+02
6.902698573202798116e+00 1.912433352285186459e+02
6.918422260157702119e+00 -1.110819170490602659e+01
6.934145947112606123e+00 -9.619133071715735284e+00
6.949869634067510127e+00 2.752367659216240980e+01
6.965593321022414131e+00 -2.227815676478053675e+01
6.981317007977317246e+00 -1.021760741747991119e+01
6.997040694932221250e+00 -1.189895725628717571e+02
7.012764381887125253e+00 1.284172390083145388e+02
7.028488068842029257e+00 8.739086912123909201e+00
7.044211755796933261e+00 5.175243196696782633e+01
7.059935442751837265e+00 -8.257239821044154837e+01
7.075659129706740380e+00 3.711248300903354647e+01
7.091382816661644384e+00 -1.838466752434403020e+02
7.107106503616548387e+00 2.175930783619417070e+02
7.122830190571452391e+00 -6.775587725215157775e+01
7.138553877526356395e+00 5.257675763274876601e+01
7.154277564481260399e+00 -6.389573060499540702e+01
7.170001251436164402e+00 9.204745163935118057e+01
7.185724938391067518e+00 -1.527993006166452119e+02
7.201448625345971521e+00 -3.377236182735181558e+00
7.217172312300875525e+00 1.245328724307682364e+02
7.232895999255779529e+00 -3.478141891184077394e+01
7.248619686210683533e+00 6.476834325351217103e+01
7.264343373165587536e+00 -6.447180155270498858e+01
7.280067060120490652e+00 -5.858449392716410387e+01
7.295790747075394655e+00 -3.984773804076431958e+01
7.311514434030298659e+00 1.472211070209165200e+02
7.327238120985202663e+00 -7.507994404558580470e+01
7.342961807940106667e+00 9.001450079310353658e+01
7.358685494895010670e+00 -1.175184006768285627e+02
7.374409181849914674e+00 1.385700485183327544e+02
7.390132868804817790e+00 -2.197956668306335928e+02
7.405856555759721793e+00 8.126981546835266101e+01
7.421580242714625797e+00 9.688877805632944273e+01
7.437303929669529801e+00 -2.784720365175653001e+01
7.453027616624433804e+00 1.401733710884985840e+01
7.468751303579337808e+00 6.519718637490349522e+00
7.484474990534240924e+00 -1.783433443527608233e+02
7.500198677489144927e+00 1.264417935374311242e+02
7.515922364444048931e+00 4.124215028498664992e+01
7.531646051398952935e+00 -4.147708844178715282e+01
7.547369738353856938e+00 6.805419522994334613e+01
7.563093425308760942e+00 -8.015738451918593910e+01
7.578817112263664946e+00 6.846552893579922738e+01
7.594540799218568061e+00 -1.774543746930272050e+02
7.610264486173472065e+00 1.207533183389576976e+02
7.625988173128376069e+00 4.360335076813029787e+01
7.641711860083280072e+00 2.265909814350747808e+01
7.657435547038184076e+00 -5.889091505761937384e+01
7.673159233993088080e+00 5.113423953554354284e+01
7.688882920947992083e+00 -2.187743304661920547e+02
7.704606607902895199e+00 2.168910703091002290e+02
7.720330294857799203e+00 -4.179140532580151302e+01
7.736053981812703206e+00 1.771991989238220100e+01
7.751777668767607210e+00 -1.173856134440534760e+01
7.767501355722511214e+00 2.948978997593894036e+01
7.783225042677415217e+00 -7.580844582319983260e+01
7.798948729632318333e+00 -6.801393717197032629e+01
7.814672416587222337e+00 1.293012410343148701e+02
7.830396103542126340e+00 -1.465633457381972704e+01
7.846119790497030344e+00 6.515817504006555794e+01
7.861843477451934348e+00 -8.434946996201620095e+01
7.877567164406838351e+00 4.834711897737719255e+00
7.893290851361742355e+00 -1.312383581221429552e+02
7.909014538316645471e+00 1.959980757219233283e+02
7.924738225271549474e+00 -7.665976837337329641e+01
7.940461912226453478e+00 7.425352154012136907e+01
7.956185599181357482e+00 -9.604399211265781844e+01
7.971909286136261485e+00 1.252937596369900746e+02
7.987632973091165489e+00 -1.950074009882744406e+02
8.003356660046069493e+00 3.894156393043891740e+01
8.019080347000972608e+00 1.158731532898112846e+02
8.034804033955877500e+00 -3.881415330152059795e+01
8.050527720910780616e+00 4.958380235272314707e+01
8.066251407865683731e+00 -3.632607192784893613e+01
8.081975094820588623e+00 -1.137633882031625063e+02
8.097698781775491739e+00 3.594564800942748661e+01
8.113422468730396631e+00 1.016797530206116846e+02
8.129146155685299746e+00 -6.484760553912992975e+01
8.144869842640204638e+00 8.891163586640703898e+01
8.160593529595107753e+00 -1.133904247262191234e+02
8.176317216550010869e+00 1.221396100013072896e+02
8.192040903504915761e+00 -2.138233848974740283e+02
8.207764590459818876e+00 1.033106264255446973e+02
8.223488277414723768e+00 7.643784774399921389e+01
8.239211964369626884e+00 -9.013389329673103134e+00
8.254935651324531776e+00 -1.905643167512104696e+01
8.270659338279434891e+00 3.420194997772554757e+01
8.286383025234338007e+00 -2.105600855878249149e+02
8.302106712189242899e+00 1.788976381366847477e+02
8.317830399144146014e+00 1.719780070564524976e-01
8.333554086099050906e+00 -1.772186359603144723e+01
8.349277773053954022e+00 3.855319053946426067e+01
8.365001460008857137e+00 -3.752249545863226388e+01
8.380725146963762029e+00 9.757514927651243397e+00
8.396448833918665144e+00 -1.341074576640706937e+02
8.412172520873570036e+00 1.273239298179151717e+02
8.427896207828473152e+00 1.680433497684514066e+01
8.443619894783378044e+00 4.573118398502201387e+01
8.459343581738281159e+00 -7.898589213603635528e+01
8.475067268693184275e+00 4.343661404915845736e+01
8.490790955648089167e+00 -1.958960999564903602e+02
8.506514642602992282e+00 2.206404682085085938e+02
8.522238329557897174e+00 -6.309557684957804469e+01
8.537962016512800290e+00 4.475160982791902597e+01
8.553685703467705181e+00 -5.213757942137489465e+01
8.569409390422608297e+00 7.866296020753826213e+01
8.585133077377511412e+00 -1.363430419168786898e+02
8.600856764332416304e+00 -1.796617634386370455e+01
8.616580451287319420e+00 1.262952432044666580e+02
8.632304138242224312e+00 -3.140552724104672322e+01
8.648027825197127427e+00 6.688480107930162433e+01
8.663751512152032319e+00 -7.123152745567520583e+01
8.679475199106935435e+00 -4.208567011067074759e+01
8.695198886061838550e+00 -6.292562133853324013e+01
8.710922573016743442e+00 1.602839195686591438e+02
8.726646259971646558e+00 -7.672814505567468757e+01
8.742369946926551449e+00 8.789487112231751098e+01
8.758093633881454565e+00 -1.150194660163405445e+02
8.773817320836357680e+00 1.389292273176911294e+02
8.789541007791262572e+00 -2.172929124721320591e+02
8.805264694746165688e+00 7.266239974203007534e+01
8.820988381701070580e+00 1.022022775741146035e+02
8.836712068655973695e+00 -3.202104101746372322e+01
8.852435755610878587e+00 2.361621730601552827e+01
8.868159442565781703e+00 -3.470909112673627561e+00
8.883883129520684818e+00 -1.647975277384115600e+02
8.899606816475589710e+00 1.067905888352358659e+02
8.915330503430492826e+00 5.512840257242862663e+01
8.931054190385397717e+00 -4.790741181400984061e+01
8.946777877340300833e+00 7.495264594995788343e+01
8.962501564295205725e+00 -9.065966554192499416e+01
8.978225251250108840e+00 8.401506449834676005e+01
8.993948938205011956e+00 -1.885434581828035903e+02
9.009672625159916848e+00 1.176330438134937992e+02
9.025396312114819963e+00 5.179924806842868179e+01
9.041119999069724855e+00 1.494502067040293980e+01
9.056843686024627971e+00 -5.047308356375449279e+01
9.072567372979532863e+00 4.968056121097815492e+01
9.088291059934435978e+00 -2.207022563154770580e+02
9.104014746889339094e+00 2.112960258859882288e+02
9.119738433844243986e+00 -3.324720079373321369e+01
9.135462120799147101e+00 9.133682327514435428e+00
9.151185807754051993e+00 8.496760256492699170e-01
9.166909494708955108e+00 1.330316193481944076e+01
9.182633181663860000e+00 -5.559257533128553064e+01
9.198356868618763116e+00 -8.397784475770822610e+01
9.214080555573666231e+00 1.294431503110994583e+02
9.229804242528571123e+00 -7.953624210636682790e+00
9.245527929483474239e+00 6.212070301954887697e+01
9.261251616438379131e+00 -8.543181115407526249e+01
9.276975303393282246e+00 1.666611314520095277e+01
9.292698990348185362e+00 -1.495898914941400051e+02
9.308422677303090254e+00 2.044563710476277265e+02
9.324146364257993369e+00 -7.487725493886722461e+01
9.339870051212898261e+00 6.823398036912787745e+01
9.355593738167801376e+00 -8.723155888611228193e+01
9.371317425122706268e+00 1.168380795358903015e+02
9.387041112077609384e+00 -1.838771699408769109e+02
9.402764799032512499e+00 2.667077623343829629e+01
9.418488485987417391e+00 1.190697433258531390e+02
9.434212172942320507e+00 -3.872196929335390791e+01
9.449935859897225399e+00 5.559779966097896420e+01
9.465659546852128514e+00 -4.588479235211879370e+01
9.481383233807033406e+00 -9.665043619917355500e+01
9.497106920761936522e+00 1.254338530683936170e+01
9.512830607716839637e+00 1.161616740921329267e+02
9.528554294671744529e+00 -6.879003430457480306e+01
9.544277981626647644e+00 9.060476713034660179e+01
9.560001668581552536e+00 -1.166981749056420767e+02
9.575725355536455652e+00 1.296979695233102063e+02
9.591449042491360544e+00 -2.179017044642969836e+02
9.607172729446263659e+00 9.736743445541544872e+01
9.622896416401166775e+00 8.329655086922791440e+01
9.638620103356071667e+00 -1.560903510654650006e+01
9.654343790310974782e+00 -8.672316943076808116e+00
9.670067477265879674e+00 2.661793803101394218e+01
9.685791164220782790e+00 -2.026855630384624760e+02
9.701514851175687681e+00 1.645993588355952113e+02
9.717238538130590797e+00 1.219837038685144215e+01
9.732962225085493913e+00 -2.552156036364348424e+01
9.748685912040398804e+00 4.877998526864687534e+01
9.764409598995301920e+00 -5.196546907542811766e+01
9.780133285950206812e+00 2.908688195083201578e+01
9.795856972905109927e+00 -1.485737933202535430e+02
9.811580659860013043e+00 1.258075455626387509e+02
9.827304346814917935e+00 2.506373797563050232e+01
9.843028033769821050e+00 3.905894403683394245e+01
9.858751720724725942e+00 -7.406600261592596723e+01
9.874475407679629058e+00 4.789820718412732958e+01
9.890199094634533949e+00 -2.056652268028983030e+02
9.905922781589437065e+00 2.217533988389287742e+02
9.921646468544340181e+00 -5.751464962105069390e+01
9.937370155499245072e+00 3.658667292679205474e+01
9.953093842454148188e+00 -3.986718115835330423e+01
9.968817529409053080e+00 6.420951571532975777e+01
9.984541216363956195e+00 -1.186193888902603675e+02
1.000026490331886109e+01 -3.308895340382272110e+01
1.001598859027376420e+01 1.276538647926481929e+02
1.003171227722866732e+01 -2.711137850231951063e+01
1.004743596418357221e+01 6.772947903782927881e+01
1.006315965113847533e+01 -7.679407570978500530e+01
1.007888333809338022e+01 -2.633643296788511634e+01
1.009460702504828333e+01 -8.530942744907105180e+01
1.011033071200318822e+01 1.725376592095351782e+02
1.012605439895809134e+01 -7.760514098379880465e+01
1.014177808591299446e+01 8.471483429078094218e+01
1.015750177286789935e+01 -1.108366313373185648e+02
1.017322545982280246e+01 1.370615772664879159e+02
1.018894914677770736e+01 -2.126812080206182145e+02
1.020467283373261047e+01 6.317798356786168767e+01
1.022039652068751359e+01 1.070056832108372333e+02
1.023612020764241848e+01 -3.525466059615236958e+01
1.025184389459732159e+01 3.259546547948610140e+01
1.026756758155222649e+01 -1.372823557356903024e+01
1.028329126850712960e+01 -1.499737820154320787e+02
1.029901495546203449e+01 8.586803253394444368e+01
1.031473864241693761e+01 6.937309880949484864e+01
1.033046232937184072e+01 -5.381055089394913438e+01
1.034618601632674562e+01 8.066026976769431656e+01
1.036190970328164873e+01 -9.960419979194055884e+01
1.037763339023655362e+01 9.792843818195544259e+01
1.039335707719145674e+01 -1.982092316836754549e+02
1.040908076414636163e+01 1.139227954125941693e+02
1.042480445110126475e+01 5.978603855112434928e+01
1.044052813805616786e+01 7.248431495460437191e+00
1.045625182501107275e+01 -4.129229694954409524e+01
1.047197551196597587e+01 4.654290716404102568e+01
1.048769919892088076e+01 -2.201788777747459847e+02
1.050342288587578388e+01 2.035675632120556884e+02
1.051914657283068877e+01 -2.381440273504610872e+01
1.053487025978559188e+01 6.094706820466448960e-01
1.055059394674049500e+01 1.313965478990446023e+01
1.056631763369539989e+01 -2.872297697264857064e+00
1.058204132065030301e+01 -3.514891205097954696e+01
1.059776500760520790e+01 -9.987677867607683879e+01
1.061348869456011101e+01 1.292143455760909205e+02
1.062921238151501591e+01 -7.086787628743991263e-01
1.064493606846991902e+01 5.803100333438545988e+01
1.066065975542482214e+01 -8.503944907097486805e+01
1.067638344237972703e+01 2.691105652452614549e+01
1.069210712933463014e+01 -1.661929829021985654e+02
1.070783081628953504e+01 2.113911258767698200e+02
1.072355450324443815e+01 -7.222151816453038009e+01
1.073927819019934127e+01 6.153850456130690105e+01
1.075500187715424616e+01 -7.730331357492825362e+01
1.077072556410914927e+01 1.066352170404203292e+02
1.078644925106405417e+01 -1.709225644168971883e+02
1.080217293801895728e+01 1.360433119162257753e+01
1.081789662497386217e+01 1.217991681821753360e+02
1.083362031192876529e+01 -3.757787734671942559e+01
1.084934399888366841e+01 6.046589054600930524e+01
1.086506768583857330e+01 -5.477501161684316600e+01
1.088079137279347641e+01 -7.942060341954208980e+01
1.089651505974838130e+01 -1.107062936973983369e+01
1.091223874670328442e+01 1.303928358559250569e+02
1.092796243365818931e+01 -7.205358903959375994e+01
1.094368612061309243e+01 9.106742492634947439e+01
1.095940980756799554e+01 -1.181763915121559592e+02
1.097513349452290043e+01 1.350612718818207156e+02
1.099085718147780355e+01 -2.200073370097109091e+02
1.100658086843270844e+01 9.063541102703726438e+01
1.102230455538761156e+01 8.970381905647116128e+01
1.103802824234251645e+01 -2.157332178490332808e+01
1.105375192929741957e+01 1.677307872364934838e+00
1.106947561625232268e+01 1.804426709264790674e+01
1.108519930320722757e+01 -1.928261867158456653e+02
1.110092299016213069e+01 1.484662919933331864e+02
1.111664667711703558e+01 2.490070629992347051e+01
1.113237036407193870e+01 -3.295640228557329010e+01
1.114809405102684181e+01 5.808132898371919595e+01
1.116381773798174670e+01 -6.539204560050481518e+01
1.117954142493664982e+01 4.751071547084254831e+01
1.119526511189155471e+01 -1.621989476600057856e+02
1.121098879884645783e+01 1.238371214901641792e+02
1.122671248580136272e+01 3.341206161656636198e+01
1.124243617275626583e+01 3.188641830846317760e+01
1.125815985971116895e+01 -6.791366262012294897e+01
1.127388354666607384e+01 5.048478351376233775e+01
1.128960723362097696e+01 -2.130557843370064575e+02
1.130533092057588185e+01 2.208448025458144741e+02
1.132105460753078496e+01 -5.100857309193121125e+01
1.133677829448568986e+01 2.818373797450512797e+01
1.135250198144059297e+01 -2.728192781594941607e+01
1.136822566839549609e+01 4.893260312273609713e+01
1.138394935535040098e+01 -9.984991750228346064e+01
1.139967304230530409e+01 -4.862791794926924638e+01
1.141539672926020899e+01 1.286245693261508052e+02
1.143112041621511210e+01 -2.197187570259935541e+01
1.144684410317001699e+01 6.731651338894242542e+01
1.146256779012492011e+01 -8.104714228857208980e+01
1.147829147707982322e+01 -1.157438103767144355e+01
1.149401516403472812e+01 -1.067261272390480542e+02
1.150973885098963123e+01 1.838052516517464596e+02
1.152546253794453612e+01 -7.768458264822820070e+01
1.154118622489943924e+01 8.055318102330707575e+01
1.155690991185434413e+01 -1.050709638259940562e+02
1.157263359880924725e+01 1.330298787164199723e+02
1.158835728576415036e+01 -2.059792605597622810e+02
1.160408097271905525e+01 5.281203703226255186e+01
1.161980465967395837e+01 1.112996913955043681e+02
1.163552834662886326e+01 -3.749037866604322033e+01
1.165125203358376638e+01 4.079937328863974244e+01
1.166697572053866949e+01 -2.401953764635528898e+01
1.168269940749357438e+01 -1.341330171010901608e+02
1.169842309444847750e+01 6.389866596242617192e+01
1.171414678140338239e+01 8.385005525578191055e+01
1.172987046835828551e+01 -5.914570695944351542e+01
1.174559415531319040e+01 8.513683728722719479e+01
1.176131784226809351e+01 -1.068788558900785972e+02
1.177704152922299663e+01 1.100258587782701056e+02
1.179276521617790152e+01 -2.062925242903679361e+02
1.180848890313280464e+01 1.095737932260446144e+02
1.182421259008770953e+01 6.748932566621411411e+01
1.183993627704261264e+01 -2.719622384194622100e-01
1.185565996399751754e+01 -3.152709818793307761e+01
1.187138365095242065e+01 4.184640698912222945e+01
1.188710733790732377e+01 -2.172590294065888656e+02
1.190283102486222866e+01 1.937291953798040538e+02
1.191855471181713177e+01 -1.352430633889338907e+01
1.193427839877203667e+01 -7.771108381698464740e+00
1.195000208572693978e+01 2.495937055580836272e+01
1.196572577268184467e+01 -1.878017719575275279e+01
1.198144945963674779e+01 -1.474911475287293428e+01
1.199717314659165091e+01 -1.155363165435916528e+02
1.201289683354655580e+01 1.286065715300636043e+02
1.202862052050145891e+01 6.971709008630455173e+00
1.204434420745636380e+01 5.299627577958893454e+01
1.206006789441126692e+01 -8.318426446556810561e+01
1.207579158136617181e+01 3.544630683429975448e+01
1.209151526832107493e+01 -1.808506351945328561e+02
1.210723895527597804e+01 2.166568060933404070e+02
1.212296264223088293e+01 -6.867366079611259977e+01
1.213868632918578605e+01 5.427087305210224599e+01
1.215441001614069094e+01 -6.643703127679150100e+01
1.217013370309559406e+01 9.487252352706111935e+01
1.218585739005049717e+01 -1.562876729118230514e+02
1.220158107700540207e+01 -1.960633890203631324e-01
1.221730476396030518e+01 1.240813239412292575e+02
1.223302845091521007e+01 -3.540485487821260335e+01
1.224875213787011319e+01 6.412117178674344586e+01
1.226447582482501808e+01 -6.280869892801270282e+01
1.228019951177992120e+01 -6.235374019544900648e+01
1.229592319873482431e+01 -3.461647623664893558e+01
1.231164688568972920e+01 1.442050190322995888e+02
1.232737057264463232e+01 -7.460824796236774148e+01
1.234309425959953721e+01 9.033651894801877802e+01
1.235881794655444033e+01 -1.178388189196737557e+02
1.237454163350934522e+01 1.381811443183580081e+02
1.239026532046424833e+01 -2.200675126773475085e+02
1.240598900741915145e+01 8.307744169094617348e+01
1.242171269437405634e+01 9.563041539454866324e+01
1.243743638132895946e+01 -2.679180617452988145e+01
1.245316006828386435e+01 1.180141474789885336e+01
1.246888375523876746e+01 8.695359192655637059e+00
1.248460744219367236e+01 -1.811745748260676692e+02
1.250033112914857547e+01 1.306443735089685845e+02
1.251605481610347859e+01 3.819541561490707693e+01
1.253177850305838348e+01 -3.997033492035762947e+01
1.254750219001328659e+01 6.635305753328175626e+01
1.256322587696819149e+01 -7.760746976001306052e+01
1.257894956392309460e+01 6.478199123015500049e+01
1.259467325087799772e+01 -1.747950961135855721e+02
1.261039693783290261e+01 1.213756146062349330e+02
1.262612062478780572e+01 4.174890695356583592e+01
1.264184431174271062e+01 2.437139883853171796e+01
1.265756799869761373e+01 -6.065314912404618752e+01
1.267329168565251862e+01 5.121865460728139396e+01
1.268901537260742174e+01 -2.180046377569047422e+02
1.270473905956232485e+01 2.178509965471232022e+02
1.272046274651722975e+01 -4.357949579393081052e+01
1.273618643347213286e+01 1.964114705636052349e+01
1.275191012042703775e+01 -1.457813860562957586e+01
1.276763380738194087e+01 3.308726045858963971e+01
1.278335749433684576e+01 -8.027414966643425487e+01
1.279908118129174888e+01 -6.444938466587476000e+01
1.281480486824665199e+01 1.292189860073567615e+02
1.283052855520155688e+01 -1.607155623017204249e+01
1.284625224215646000e+01 6.568449333000557999e+01
1.286197592911136489e+01 -8.390655732844055592e+01
1.287769961606626801e+01 1.984858586063694474e+00
1.289342330302117290e+01 -1.269141034148660481e+02
1.290914698997607601e+01 1.939123901535013772e+02
1.292487067693097913e+01 -7.694123968621397580e+01
1.294059436388588402e+01 7.549774182399190181e+01
1.295631805084078714e+01 -9.784631648529345682e+01
1.297204173779569203e+01 1.269298221686463251e+02
1.298776542475059514e+01 -1.972360800735899318e+02
1.300348911170550004e+01 4.157382326362932901e+01
1.301921279866040315e+01 1.150919491133685710e+02
1.303493648561530627e+01 -3.868989665297719682e+01
1.305066017257021116e+01 4.808979062868168342e+01
1.306638385952511427e+01 -3.411592459746802319e+01
1.308210754648001917e+01 -1.175483265914942592e+02
1.309783123343492228e+01 4.112591280619493972e+01
1.311355492038982540e+01 9.842101659134897318e+01
1.312927860734473029e+01 -6.387555497449610442e+01
1.314500229429963341e+01 8.836182214413869929e+01
1.316072598125453830e+01 -1.124006948664944616e+02
1.317644966820944141e+01 1.201552521590848670e+02
1.319217335516434630e+01 -2.126500133446597260e+02
1.320789704211924942e+01 1.045369067370545935e+02
1.322362072907415254e+01 7.484497500377734980e+01
1.323934441602905743e+01 -7.463721923083568299e+00
1.325506810298396054e+01 -2.136528639097662108e+01
1.327079178993886543e+01 3.574305340158984734e+01
1.328651547689376855e+01 -2.120332850287469739e+02
1.330223916384867344e+01 1.818336571412668832e+02
1.331796285080357656e+01 -2.419438459580398160e+00
1.333368653775847967e+01 -1.593257742340902183e+01
1.334941022471338457e+01 3.614993236644306052e+01
1.336513391166828768e+01 -3.417261218604960504e+01
1.338085759862319257e+01 5.333997432837009001e+00
1.339658128557809569e+01 -1.307741262487768097e+02
1.341230497253300058e+01 1.276043777414420646e+02
1.342802865948790370e+01 1.497876276509160220e+01
1.344375234644280681e+01 4.714037017772458427e+01
1.345947603339771170e+01 -7.990740400276186506e+01
1.347519972035261482e+01 4.218198130547935421e+01
1.349092340730751971e+01 -1.933934759997419519e+02
1.350664709426242283e+01 2.201229952071782350e+02
1.352237078121732594e+01 -6.421818057901367638e+01
1.353809446817223083e+01 4.653595937393937021e+01
1.355381815512713395e+01 -5.482038094285778129e+01
1.356954184208203884e+01 8.175955287278875971e+01
1.358526552903694196e+01 -1.401432951070052582e+02
1.360098921599184685e+01 -1.465113516086724488e+01
1.361671290294674996e+01 1.259365399656638260e+02
1.363243658990165308e+01 -3.224309438326091026e+01
1.364816027685655797e+01 6.652162935098070307e+01
1.366388396381146109e+01 -6.981824572407066398e+01
1.367960765076636598e+01 -4.572161411312070811e+01
1.369533133772126909e+01 -5.781149775935695345e+01
1.371105502467617399e+01 1.574245910810627151e+02
1.372677871163107710e+01 -7.642532504348858424e+01
1.374250239858598022e+01 8.846390864968913093e+01
1.375822608554088511e+01 -1.157280524247781557e+02
1.377394977249578822e+01 1.390438142810236570e+02
1.378967345945069312e+01 -2.180362407600893562e+02
1.380539714640559623e+01 7.466439824890659338e+01
1.382112083336050112e+01 1.010573522859887845e+02
1.383684452031540424e+01 -3.116622536618827866e+01
1.385256820727030735e+01 2.151608867518348944e+01
1.386829189422521225e+01 -1.203694113901185858e+00
1.388401558118011536e+01 -1.679488638102316997e+02
1.389973926813502025e+01 1.113062676219477822e+02
1.391546295508992337e+01 5.198546555604312402e+01
1.393118664204482826e+01 -4.651264570301590595e+01
1.394691032899973138e+01 7.351046093347210331e+01
1.396263401595463449e+01 -8.844013903560315271e+01
1.397835770290953938e+01 8.067048453660811447e+01
1.399408138986444250e+01 -1.861795578454764382e+02
1.400980507681934739e+01 1.183808675884392301e+02
1.402552876377425051e+01 4.998043378562807959e+01
1.404125245072915362e+01 1.667553204271590062e+01
1.405697613768405851e+01 -5.242925749592549067e+01
1.407269982463896163e+01 5.015600387235313917e+01
1.408842351159386652e+01 -2.204849387109487395e+02
1.410414719854876964e+01 2.127336919412190355e+02
1.411987088550367453e+01 -3.523737219202513415e+01
1.413559457245857764e+01 1.105280520853268911e+01
1.415131825941348076e+01 -1.947844040131059273e+00
1.416704194636838565e+01 1.693377301566307125e+01
1.418276563332328877e+01 -6.014598535780631750e+01
1.419848932027819366e+01 -8.040495857367511690e+01
1.421421300723309677e+01 1.294434372318131636e+02
1.422993669418800167e+01 -9.504423539138734611e+00
1.424566038114290478e+01 6.289528161490898839e+01
1.426138406809780790e+01 -8.531751249331306042e+01
1.427710775505271279e+01 1.415116901582969433e+01
1.429283144200761591e+01 -1.456274058000806235e+02
1.430855512896252080e+01 2.026904097178455686e+02
1.432427881591742391e+01 -7.535127758058982295e+01
1.434000250287232880e+01 6.964342507021386552e+01
1.435572618982723192e+01 -8.930665266632641419e+01
1.437144987678213504e+01 1.188882696351960817e+02
1.438717356373703993e+01 -1.865309958399457173e+02
1.440289725069194304e+01 2.948778596665919594e+01
1.441862093764684793e+01 1.183956343890498601e+02
1.443434462460175105e+01 -3.883442047891484350e+01
1.445006831155665417e+01 5.434861211782340717e+01
1.446579199851155906e+01 -4.379670032335138785e+01
1.448151568546646217e+01 -1.005002827302107846e+02
1.449723937242136707e+01 1.780874210858594608e+01
1.451296305937627018e+01 1.129367404330661770e+02
1.452868674633117507e+01 -6.796563271524294692e+01
1.454441043328607819e+01 9.033372797185060676e+01
1.456013412024098130e+01 -1.161167452570039984e+02
1.457585780719588620e+01 1.281947561946798260e+02
1.459158149415078931e+01 -2.171572774425358432e+02
1.460730518110569420e+01 9.876451830705001100e+01
1.462302886806059732e+01 8.179961593986320167e+01
1.463875255501550221e+01 -1.418348996852436983e+01
1.465447624197040533e+01 -1.100002732147532214e+01
1.467019992892530844e+01 2.840843905727961527e+01
1.468592361588021333e+01 -2.046264601163917405e+02
1.470164730283511645e+01 1.679631306900259062e+02
1.471737098979002134e+01 9.445597603760543137e+00
1.473309467674492446e+01 -2.380567018818614144e+01
1.474881836369982935e+01 4.656766150080485289e+01
1.476454205065473246e+01 -4.881425479895906250e+01
1.478026573760963558e+01 2.483080923627875336e+01
1.479598942456454047e+01 -1.454027408056539059e+02
1.481171311151944359e+01 1.261851314245227513e+02
1.482743679847434848e+01 2.320399056864826548e+01
1.484316048542925159e+01 4.060103934983519736e+01
1.485888417238415649e+01 -7.527802139657478619e+01
1.487460785933905960e+01 4.706271536655387422e+01
1.489033154629396272e+01 -2.036826570419223685e+02
1.490605523324886761e+01 2.216771824936798794e+02
1.492177892020377072e+01 -5.884388606599237903e+01
1.493750260715867562e+01 3.843812242951305791e+01
1.495322629411357873e+01 -4.264750071481942939e+01
1.496894998106848185e+01 6.752442847198977915e+01
1.498467366802338674e+01 -1.226847273159339551e+02
1.500039735497828985e+01 -2.966407476893527217e+01
1.501612104193319475e+01 1.273840162646544059e+02
1.503184472888809786e+01 -2.814856205454581328e+01
1.504756841584300275e+01 6.765057278318106171e+01
1.506329210279790587e+01 -7.565942773093651397e+01
1.507901578975280898e+01 -2.978328869281733660e+01
1.509473947670771388e+01 -8.037466253087919199e+01
1.511046316366261699e+01 1.698748142813074935e+02
1.512618685061752188e+01 -7.747723262186465831e+01
1.514191053757242500e+01 8.551469420654818521e+01
1.515763422452732989e+01 -1.119141329865879300e+02
1.517335791148223301e+01 1.376702433452537662e+02
1.518908159843713612e+01 -2.138959367464709089e+02
1.520480528539204101e+01 6.537709629941021205e+01
1.522052897234694413e+01 1.059751229322798025e+02
1.523625265930184902e+01 -3.461594405390587781e+01
1.525197634625675214e+01 3.064809503771683552e+01
1.526770003321165703e+01 -1.142159721464724598e+01
1.528342372016656014e+01 -1.533889648944685575e+02
1.529914740712146326e+01 9.064945275689947835e+01
1.531487109407636815e+01 6.616046064277799132e+01
1.533059478103127127e+01 -5.253744141661186973e+01
1.534631846798617616e+01 7.948877926168536590e+01
1.536204215494107927e+01 -9.774403024560376707e+01
1.537776584189598417e+01 9.496655464082692788e+01
1.539348952885088728e+01 -1.961781751115833572e+02
1.540921321580579040e+01 1.148068378897744992e+02
1.542493690276069529e+01 5.802083122846005381e+01
1.544066058971559841e+01 8.961080972644126064e+00
1.545638427667050330e+01 -4.340410753079420658e+01
1.547210796362540641e+01 4.738534641431795791e+01
1.548783165058030953e+01 -2.205066590933524822e+02
1.550355533753521442e+01 2.054816461331454320e+02
1.551927902449011754e+01 -2.600109247049051220e+01
1.553500271144502243e+01 2.507412012615372277e+00
1.555072639839992554e+01 1.042423970499775621e+01
1.556645008535483043e+01 7.333219334906964093e-01
1.558217377230973355e+01 -3.972983143255180494e+01
1.559789745926463667e+01 -9.633325062978778419e+01
1.561362114621954156e+01 1.292980596280474401e+02
1.562934483317444467e+01 -2.371664699221327055e+00
1.564506852012934957e+01 5.903238824402141915e+01
1.566079220708425268e+01 -8.525519464174514894e+01
1.567651589403915757e+01 2.476299743699249234e+01
1.569223958099406069e+01 -1.626398041352399275e+02
1.570796326794896558e+01 2.099792344692169763e+02
