# x, y
0.000000000000000000e+00 -1.000000000000000000e+01
1.572368695490386839e-02 3.674289953745303450e+01
3.144737390980773678e-02 7.620432360521998305e+01
4.717106086471160864e-02 9.984879148758291478e+01
6.289474781961547356e-02 1.027019753711605574e+02
7.861843477451933848e-02 8.436308873348511383e+01
9.434212172942321728e-02 4.901119465406202380e+01
1.100658086843270822e-01 4.416574371180276515e+00
1.257894956392309471e-01 -3.981493841484380880e+01
1.415131825941348120e-01 -7.437158259821265460e+01
1.572368695490386770e-01 -9.226835120664172507e+01
1.729605565039425419e-01 -9.033778032877083319e+01
1.886842434588464346e-01 -6.985725846259445859e+01
2.044079304137502995e-01 -3.618434969353265274e+01
2.201316173686541644e-01 2.508424071388315468e+00
2.358553043235580293e-01 3.710961638751266634e+01
2.515789912784618942e-01 5.963293120445037943e+01
2.673026782333657869e-01 6.500777239079681635e+01
2.830263651882696241e-01 5.219831430382762960e+01
2.987500521431735168e-01 2.440470560375985087e+01
3.144737390980773539e-01 -1.169428419279032560e+01
3.301974260529812466e-01 -4.748373081681286578e+01
3.459211130078850838e-01 -7.439158904159069152e+01
3.616447999627889764e-01 -8.585846157366606235e+01
3.773684869176928691e-01 -7.885432968062698933e+01
3.930921738725967063e-01 -5.459942262385629874e+01
4.088158608275005990e-01 -1.832389953248602055e+01
4.245395477824044361e-01 2.188424967496629137e+01
4.402632347373083288e-01 5.688931606670470131e+01
4.559869216922121660e-01 7.857363969354732092e+01
4.717106086471160586e-01 8.169702847219893727e+01
4.874342956020198958e-01 6.513069339074780828e+01
5.031579825569237885e-01 3.218290295159809489e+01
5.188816695118276812e-01 -1.006638977723818940e+01
5.346053564667315738e-01 -5.228488856456810652e+01
5.503290434216353555e-01 -8.493316402489909933e+01
5.660527303765392482e-01 -1.003877624443374543e+02
5.817764173314431408e-01 -9.467247254628185260e+01
5.975001042863470335e-01 -6.840979302461505540e+01
6.132237912412508152e-01 -2.677267006382741954e+01
6.289474781961547079e-01 2.156553689389748740e+01
6.446711651510586005e-01 6.626469890773108773e+01
6.603948521059624932e-01 9.754282358705530953e+01
6.761185390608663859e-01 1.083102346002467584e+02
6.918422260157701675e-01 9.574616340385082935e+01
7.075659129706740602e-01 6.196819864911876152e+01
7.232895999255779529e-01 1.363957544430111035e+01
7.390132868804818456e-01 -3.941090702499276688e+01
7.547369738353857382e-01 -8.626636097938495595e+01
7.704606607902895199e-01 -1.172530862558756439e+02
7.861843477451934126e-01 -1.260237977153411748e+02
8.019080347000973052e-01 -1.109412387956050168e+02
8.176317216550011979e-01 -7.545907870948144591e+01
8.333554086099049796e-01 -2.741188600750384907e+01
8.490790955648088723e-01 2.263900010367186155e+01
8.648027825197127649e-01 6.365255584387064403e+01
8.805264694746166576e-01 8.646770293851638201e+01
8.962501564295205503e-01 8.576907102842538677e+01
9.119738433844243319e-01 6.123567230416101381e+01
9.276975303393282246e-01 1.762394110242557588e+01
9.434212172942321173e-01 -3.623479678583453989e+01
9.591449042491360100e-01 -8.930908102831833162e+01
9.748685912040397916e-01 -1.307133526945418396e+02
9.905922781589436843e-01 -1.520229096605477821e+02
1.006315965113847577e+00 -1.490621089127685934e+02
1.022039652068751359e+00 -1.227834848287342595e+02
1.037763339023655362e+00 -7.905096373823710110e+01
1.053487025978559144e+00 -2.737581619469898442e+01
1.069210712933463148e+00 2.112140897940128781e+01
1.084934399888366929e+00 5.608437747912508087e+01
1.100658086843270711e+00 7.012072389014562646e+01
1.116381773798174715e+00 6.035807782300288693e+01
1.132105460753078496e+00 2.902652890837314814e+01
1.147829147707982500e+00 -1.705172549836918705e+01
1.163552834662886282e+00 -6.794949595747262094e+01
1.179276521617790063e+00 -1.127732610992877653e+02
1.195000208572694067e+00 -1.419901706848911545e+02
1.210723895527597849e+00 -1.494428476203858622e+02
1.226447582482501630e+00 -1.336222941231560526e+02
1.242171269437405634e+00 -9.793233721944886838e+01
1.257894956392309416e+00 -4.989863174718946937e+01
1.273618643347213419e+00 4.966113745239724153e-01
1.289342330302117201e+00 4.298578196015150610e+01
1.305066017257020983e+00 6.921856947165549911e+01
1.320789704211924986e+00 7.451963497513970935e+01
1.336513391166828768e+00 5.882596285510635425e+01
1.352237078121732772e+00 2.661062491913603623e+01
1.367960765076636553e+00 -1.417774572297418345e+01
1.383684452031540335e+00 -5.391618709339766724e+01
1.399408138986444339e+00 -8.344648143682158548e+01
1.415131825941348120e+00 -9.607936543954045305e+01
1.430855512896252124e+00 -8.902546007926102334e+01
1.446579199851155906e+00 -6.394471180373679431e+01
1.462302886806059687e+00 -2.650308499477745272e+01
1.478026573760963691e+00 1.495474838203801227e+01
1.493750260715867473e+00 5.131344981961525775e+01
1.509473947670771476e+00 7.474618547880928077e+01
1.525197634625675258e+00 8.046472876874958047e+01
1.540921321580579040e+00 6.777176767376015221e+01
1.556645008535483043e+00 4.018404610796438448e+01
1.572368695490386825e+00 4.603114886039480602e+00
1.588092382445290607e+00 -3.027682294433035182e+01
1.603816069400194610e+00 -5.596436674019324187e+01
1.619539756355098392e+00 -6.612020741750936281e+01
1.635263443310002396e+00 -5.802107640087919549e+01
1.650987130264906178e+00 -3.320734338900344085e+01
1.666710817219809959e+00 2.834653804644325703e+00
1.682434504174713963e+00 4.188876998274022867e+01
1.698158191129617745e+00 7.485545919029682693e+01
1.713881878084521748e+00 9.381771188381166837e+01
1.729605565039425530e+00 9.386415398688562561e+01
1.745329251994329312e+00 7.425792049118058458e+01
1.761052938949233315e+00 3.868268609089279408e+01
1.776776625904137097e+00 -5.499388505663393545e+00
1.792500312859041101e+00 -4.882375950106603568e+01
1.808223999813944882e+00 -8.179286135371719979e+01
1.823947686768848664e+00 -9.698518038768317240e+01
1.839671373723752668e+00 -9.073711400289522544e+01
1.855395060678656449e+00 -6.402029809278550943e+01
1.871118747633560231e+00 -2.231064712265310135e+01
1.886842434588464235e+00 2.553474427270091240e+01
1.902566121543368016e+00 6.915845307908651307e+01
1.918289808498272020e+00 9.893830525193845915e+01
1.934013495453175802e+00 1.080929319293254167e+02
1.949737182408079583e+00 9.419626731867272440e+01
1.965460869362983587e+00 5.976462502686290890e+01
1.981184556317887369e+00 1.177906177689260936e+01
1.996908243272791372e+00 -3.976375857121632151e+01
2.012631930227695154e+00 -8.396711059926447263e+01
2.028355617182599158e+00 -1.113640805149008486e+02
2.044079304137502717e+00 -1.159599330822147323e+02
2.059802991092406721e+00 -9.654396978610132862e+01
2.075526678047310725e+00 -5.698306880740774716e+01
2.091250365002214284e+00 -5.427437271461460710e+00
2.106974051957118288e+00 4.740646650705949838e+01
2.122697738912022292e+00 9.051109063036447822e+01
2.138421425866926295e+00 1.149344989374598072e+02
2.154145112821829855e+00 1.156949409162617002e+02
2.169868799776733859e+00 9.285105237780018683e+01
2.185592486731637862e+00 5.149604264474164239e+01
2.201316173686541422e+00 6.751081085152828010e-01
2.217039860641445426e+00 -4.854327392115585837e+01
2.232763547596349429e+00 -8.542951776660524388e+01
2.248487234551252989e+00 -1.018826362651556821e+02
2.264210921506156993e+00 -9.415714362335879173e+01
2.279934608461060996e+00 -6.365791295453485787e+01
2.295658295415965000e+00 -1.663418773040573129e+01
2.311381982370868560e+00 3.715955190151640863e+01
2.327105669325772563e+00 8.654663282760466814e+01
2.342829356280676567e+00 1.213070689812322911e+02
2.358553043235580127e+00 1.343421668870507517e+02
2.374276730190484130e+00 1.231626378226606988e+02
2.390000417145388134e+00 9.038516717884662910e+01
2.405724104100291694e+00 4.313676675208371591e+01
2.421447791055195697e+00 -8.498680486395983280e+00
2.437171478010099701e+00 -5.365229638649594079e+01
2.452895164965003261e+00 -8.299036276450654270e+01
2.468618851919907264e+00 -9.068396317684624819e+01
2.484342538874811268e+00 -7.560843471103326863e+01
2.500066225829715272e+00 -4.152213646009662540e+01
2.515789912784618831e+00 3.803837052305102162e+00
2.531513599739522835e+00 5.030672840052402250e+01
2.547237286694426839e+00 8.782369203006511782e+01
2.562960973649330398e+00 1.082753888468374726e+02
2.578684660604234402e+00 1.073694942119704052e+02
2.594408347559138406e+00 8.546086200153978041e+01
2.610132034514041965e+00 4.739201466404045249e+01
2.625855721468945969e+00 1.361370633041740774e+00
2.641579408423849973e+00 -4.292187606162211466e+01
2.657303095378753977e+00 -7.638413944552520718e+01
2.673026782333657536e+00 -9.256125192252366674e+01
2.688750469288561540e+00 -8.896842961842008890e+01
2.704474156243465544e+00 -6.757198736049721788e+01
2.720197843198369103e+00 -3.426892967453132144e+01
2.735921530153273107e+00 2.499711641721546584e+00
2.751645217108177111e+00 3.368542838067038758e+01
2.767368904063080670e+00 5.168288055714782558e+01
2.783092591017984674e+00 5.203647719053931553e+01
2.798816277972888678e+00 3.442395988988142363e+01
2.814539964927792237e+00 2.700972048772847245e+00
2.830263651882696241e+00 -3.599911078694166378e+01
2.845987338837600245e+00 -7.290483923872110950e+01
2.861711025792504248e+00 -9.961569233975592397e+01
2.877434712747407808e+00 -1.100279779226885779e+02
2.893158399702311812e+00 -1.017436939950124781e+02
2.908882086657215815e+00 -7.664363612414828708e+01
2.924605773612119375e+00 -4.049246600594148049e+01
2.940329460567023379e+00 -1.659800928992854807e+00
2.956053147521927382e+00 3.076033396214275228e+01
2.971776834476830942e+00 4.901320202346740729e+01
2.987500521431734946e+00 4.846812986001462065e+01
3.003224208386638949e+00 2.872131053244577714e+01
3.018947895341542953e+00 -6.237416601629725221e+00
3.034671582296446513e+00 -4.884145152551570845e+01
3.050395269251350516e+00 -8.957719574117916750e+01
3.066118956206254520e+00 -1.190737023965667731e+02
3.081842643161158080e+00 -1.301937508177263112e+02
3.097566330116062083e+00 -1.196629157549895979e+02
3.113290017070966087e+00 -8.887051245121867282e+01
3.129013704025869647e+00 -4.365515066391608912e+01
3.144737390980773650e+00 6.890762697828874295e+00
3.160461077935677654e+00 5.234727699838394699e+01
3.176184764890581214e+00 8.321075549366113933e+01
3.191908451845485217e+00 9.296851045580083905e+01
3.207632138800389221e+00 7.954965224004472191e+01
3.223355825755293225e+00 4.582945766612881755e+01
3.239079512710196784e+00 -9.321084096796994345e-01
3.254803199665100788e+00 -5.060620812431239557e+01
3.270526886620004792e+00 -9.234550818287122809e+01
3.286250573574908351e+00 -1.169091857603087021e+02
3.301974260529812355e+00 -1.186614547269589366e+02
3.317697947484716359e+00 -9.680980156151142069e+01
3.333421634439619918e+00 -5.561082622434533107e+01
3.349145321394523922e+00 -3.493059836428821896e+00
3.364869008349427926e+00 4.872037499581967523e+01
3.380592695304331485e+00 9.011141793749682449e+01
3.396316382259235489e+00 1.119970826488206370e+02
3.412040069214139493e+00 1.097895699047439848e+02
3.427763756169043496e+00 8.398583049786094534e+01
3.443487443123947056e+00 4.007217250613766168e+01
3.459211130078851060e+00 -1.263765985909589951e+01
3.474934817033755063e+00 -6.298328460539138973e+01
3.490658503988658623e+00 -1.003335662378430300e+02
3.506382190943562627e+00 -1.168487804107187742e+02
3.522105877898466630e+00 -1.091447314790439691e+02
3.537829564853370190e+00 -7.900317723410550741e+01
3.553553251808274194e+00 -3.297800269879106594e+01
3.569276938763178197e+00 1.901620539856803660e+01
3.585000625718082201e+00 6.582837709108399338e+01
3.600724312672985761e+00 9.745105627939713600e+01
3.616447999627889764e+00 1.071460470302097576e+02
3.632171686582793768e+00 9.286181789432936284e+01
3.647895373537697328e+00 5.764284537103772266e+01
3.663619060492601331e+00 8.948947308841933790e+00
3.679342747447505335e+00 -4.296281757089855091e+01
3.695066434402408895e+00 -8.724060682825933100e+01
3.710790121357312898e+00 -1.147481867719204160e+02
3.726513808312216902e+00 -1.199869174024171059e+02
3.742237495267120462e+00 -1.022202554185093248e+02
3.757961182222024465e+00 -6.556669659469079647e+01
3.773684869176928469e+00 -1.805142463554897603e+01
3.789408556131832473e+00 3.016825343367454337e+01
3.805132243086736032e+00 6.901205214253769782e+01
3.820855930041640036e+00 9.063848947459841554e+01
3.836579616996544040e+00 9.109232571570169057e+01
3.852303303951447599e+00 7.108694132989883485e+01
3.868026990906351603e+00 3.576249446162900369e+01
3.883750677861255607e+00 -6.514704020602728463e+00
3.899474364816159166e+00 -4.603774097545259281e+01
3.915198051771063170e+00 -7.390887876838380066e+01
3.930921738725967174e+00 -8.397928070467119710e+01
3.946645425680871178e+00 -7.415518350120935054e+01
3.962369112635774737e+00 -4.679034017034739890e+01
3.978092799590678741e+00 -8.088382414411631416e+00
3.993816486545582745e+00 3.334208176357259390e+01
4.009540173500486304e+00 6.845062947697859101e+01
4.025263860455390308e+00 8.978507630042155085e+01
4.040987547410294312e+00 9.315295648335084877e+01
4.056711234365198315e+00 7.853582500619457107e+01
4.072434921320102319e+00 5.005601654617109375e+01
4.088158608275005435e+00 1.500763176911696029e+01
4.103882295229909438e+00 -1.782754281018205944e+01
4.119605982184813442e+00 -4.019904407415985048e+01
4.135329669139717446e+00 -4.628690891360906789e+01
4.151053356094621449e+00 -3.405295525049741201e+01
4.166777043049525453e+00 -5.738217733602098747e+00
4.182500730004428569e+00 3.260891597181066004e+01
4.198224416959332572e+00 7.247264142540028331e+01
4.213948103914236576e+00 1.047817108670405446e+02
4.229671790869140580e+00 1.219677855666042490e+02
4.245395477824044583e+00 1.197090654810599233e+02
4.261119164778948587e+00 9.796507285621210315e+01
4.276842851733852591e+00 6.106348169363127454e+01
4.292566538688755706e+00 1.680903348778750583e+01
4.308290225643659710e+00 -2.519814821568415653e+01
4.324013912598563714e+00 -5.567015133395889848e+01
4.339737599553467717e+00 -6.770204332845003137e+01
4.355461286508371721e+00 -5.834653930075036499e+01
4.371184973463275725e+00 -2.933817199385113383e+01
4.386908660418178840e+00 1.320354567649104638e+01
4.402632347373082844e+00 6.003948235745610873e+01
4.418356034327986848e+00 1.007789256998799345e+02
4.434079721282890851e+00 1.261276121085174680e+02
4.449803408237794855e+00 1.299275440432298581e+02
4.465527095192698859e+00 1.105411656063509724e+02
4.481250782147602862e+00 7.127134746601504389e+01
4.496974469102505978e+00 1.971593047300141421e+01
4.512698156057409982e+00 -3.381350139624173323e+01
4.528421843012313985e+00 -7.847459474139462543e+01
4.544145529967217989e+00 -1.052117966592295630e+02
4.559869216922121993e+00 -1.087088374139995182e+02
4.575592903877025996e+00 -8.855211503769255899e+01
4.591316590831930000e+00 -4.934896499178219642e+01
4.607040277786833116e+00 2.308989254135158653e-01
4.622763964741737119e+00 4.929025379422436970e+01
4.638487651696641123e+00 8.702514072985475480e+01
4.654211338651545127e+00 1.050348495283967338e+02
4.669935025606449130e+00 9.912499685949353534e+01
4.685658712561353134e+00 7.021518886057975806e+01
4.701382399516256250e+00 2.415440348455255304e+01
4.717106086471160253e+00 -2.951831927322284344e+01
4.732829773426064257e+00 -7.960358087355311341e+01
4.748553460380968261e+00 -1.156273914334131376e+02
4.764277147335872264e+00 -1.300720415873760487e+02
4.780000834290776268e+00 -1.199744489405268979e+02
4.795724521245680272e+00 -8.755043518954471438e+01
4.811448208200583387e+00 -3.971283680219280399e+01
4.827171895155487391e+00 1.341106298012411813e+01
4.842895582110391395e+00 6.064282340449497610e+01
4.858619269065295398e+00 9.213173442451726203e+01
4.874342956020199402e+00 1.014394613810713537e+02
4.890066642975103406e+00 8.688570652646500037e+01
4.905790329930006521e+00 5.187070420421599692e+01
4.921514016884910525e+00 4.111422810941259165e+00
4.937237703839814529e+00 -4.603801647392940311e+01
4.952961390794718533e+00 -8.781545016791928049e+01
4.968685077749622536e+00 -1.123472953645933927e+02
4.984408764704526540e+00 -1.145195000606310316e+02
5.000132451659430544e+00 -9.402492927457896599e+01
5.015856138614333659e+00 -5.536985242775564586e+01
5.031579825569237663e+00 -6.848447851990613344e+00
5.047303512524141667e+00 4.128309327845302334e+01
5.063027199479045670e+00 7.903043829154933064e+01
5.078750886433949674e+00 9.879823812037469111e+01
5.094474573388853678e+00 9.697931018761389055e+01
5.110198260343756793e+00 7.465818998722106414e+01
5.125921947298660797e+00 3.728727776374689284e+01
5.141645634253564801e+00 -6.581059730820854270e+00
5.157369321208468804e+00 -4.721803254354227875e+01
5.173093008163372808e+00 -7.586890862885627485e+01
5.188816695118276812e+00 -8.665638569377142630e+01
5.204540382073180815e+00 -7.782172170361674546e+01
5.220264069028083931e+00 -5.203806369149494060e+01
5.235987755982987935e+00 -1.573723878170397761e+01
5.251711442937891938e+00 2.239045551181738958e+01
5.267435129892795942e+00 5.338230607003855965e+01
5.283158816847699946e+00 7.002879530779441097e+01
5.298882503802603949e+00 6.848666502591376570e+01
5.314606190757507953e+00 4.912169783214116592e+01
5.330329877712411069e+00 1.639680084126828064e+01
5.346053564667315072e+00 -2.216535265802313504e+01
5.361777251622219076e+00 -5.770927275411754209e+01
5.377500938577123080e+00 -8.207360565856725998e+01
5.393224625532027083e+00 -8.966166179259977298e+01
5.408948312486931087e+00 -7.873394220320938075e+01
5.424671999441834203e+00 -5.182991483794714327e+01
5.440395686396738206e+00 -1.522057890030349014e+01
5.456119373351642210e+00 2.248993970645842921e+01
5.471843060306546214e+00 5.230446569512968580e+01
5.487566747261450217e+00 6.688231709706546724e+01
5.503290434216354221e+00 6.223885380819196200e+01
5.519014121171258225e+00 3.871041371558328592e+01
5.534737808126161340e+00 9.608283930652561367e-01
5.550461495081065344e+00 -4.298270357352482307e+01
5.566185182035969348e+00 -8.346080863893793378e+01
5.581908868990873351e+00 -1.113043157570048152e+02
5.597632555945777355e+00 -1.198814791955346237e+02
5.613356242900681359e+00 -1.066155914518494257e+02
5.629079929855584474e+00 -7.363082826448555807e+01
5.644803616810488478e+00 -2.737283414580145546e+01
5.660527303765392482e+00 2.272538113157580497e+01
5.676250990720296485e+00 6.625119440774571444e+01
5.691974677675200489e+00 9.406214145366269008e+01
5.707698364630104493e+00 1.002888108383091748e+02
5.723422051585008496e+00 8.365119426719054729e+01
5.739145738539911612e+00 4.779452594122547282e+01
5.754869425494815616e+00 5.616191473012346336e-01
5.770593112449719619e+00 -4.765065300573178320e+01
5.786316799404623623e+00 -8.610293419157655137e+01
5.802040486359527627e+00 -1.060193191979761451e+02
5.817764173314431631e+00 -1.024901036620957626e+02
5.833487860269334746e+00 -7.555775110928951221e+01
5.849211547224238750e+00 -3.024652612765088833e+01
5.864935234179142753e+00 2.447694377865311566e+01
5.880658921134046757e+00 7.759427252607379444e+01
5.896382608088950761e+00 1.183746528360856871e+02
5.912106295043854765e+00 1.386621862924774859e+02
5.927829981998758768e+00 1.346199172474307488e+02
5.943553668953661884e+00 1.075547455095387193e+02
5.959277355908565887e+00 6.364416791267822759e+01
5.975001042863469891e+00 1.262154342745615310e+01
5.990724729818373895e+00 -3.429954477392220724e+01
6.006448416773277899e+00 -6.681757183657799715e+01
6.022172103728181902e+00 -7.773960278237426280e+01
6.037895790683085906e+00 -6.451180924441455034e+01
6.053619477637989021e+00 -2.975700520057777254e+01
6.069343164592893025e+00 1.929425441153338028e+01
6.085066851547797029e+00 7.235484355021000624e+01
6.100790538502701033e+00 1.182798523868192007e+02
6.116514225457605036e+00 1.474403232011885905e+02
6.132237912412509040e+00 1.537633028120855840e+02
6.147961599367412155e+00 1.360031541461288498e+02
6.163685286322316159e+00 9.797598301128731180e+01
6.179408973277220163e+00 4.771296738829417450e+01
6.195132660232124167e+00 -4.279203596708924806e+00
6.210856347187028170e+00 -4.727186071980781890e+01
6.226580034141932174e+00 -7.259491415259776659e+01
6.242303721096836178e+00 -7.545509700201537839e+01
6.258027408051739293e+00 -5.590572844023176913e+01
6.273751095006643297e+00 -1.876769265731004310e+01
6.289474781961547301e+00 2.747083610448027358e+01
6.305198468916451304e+00 7.252818631033804309e+01
6.320922155871355308e+00 1.065638695221119008e+02
6.336645842826259312e+00 1.222873477662388382e+02
6.352369529781162427e+00 1.164861362452176792e+02
6.368093216736066431e+00 9.064906071506774765e+01
6.383816903690970435e+00 5.056047873606132725e+01
6.399540590645874438e+00 4.966621315679013549e+00
6.415264277600778442e+00 -3.638341993725015300e+01
6.430987964555682446e+00 -6.488595966815751126e+01
6.446711651510586449e+00 -7.494710276515226610e+01
6.462435338465489565e+00 -6.515707204252376528e+01
6.478159025420393569e+00 -3.852390904444398956e+01
6.493882712375297572e+00 -1.725502784468937900e+00
6.509606399330201576e+00 3.644403148299075212e+01
6.525330086285105580e+00 6.708081274617228473e+01
6.541053773240009583e+00 8.317992613556702963e+01
6.556777460194912699e+00 8.119833106520471233e+01
6.572501147149816703e+00 6.182558793275146058e+01
6.588224834104720706e+00 2.979419269148306171e+01
6.603948521059624710e+00 -7.223794854465898752e+00
6.619672208014528714e+00 -4.038318797782339686e+01
6.635395894969432717e+00 -6.169671333414275693e+01
6.651119581924336721e+00 -6.587323447920616104e+01
6.666843268879239837e+00 -5.154869137800045564e+01
6.682566955834143840e+00 -2.163064679849108529e+01
6.698290642789047844e+00 1.732487236042523904e+01
6.714014329743951848e+00 5.656913564642538716e+01
6.729738016698855851e+00 8.712694780167356612e+01
6.745461703653759855e+00 1.018352222901745847e+02
6.761185390608662971e+00 9.699672759515428311e+01
6.776909077563566974e+00 7.327444410318028645e+01
6.792632764518470978e+00 3.561834588049061523e+01
6.808356451473374982e+00 -7.769857460983433661e+00
6.824080138428278985e+00 -4.721446805133105329e+01
6.839803825383182989e+00 -7.369950909393874383e+01
6.855527512338086993e+00 -8.088912201528748369e+01
6.871251199292990108e+00 -6.658567416085230661e+01
6.886974886247894112e+00 -3.329615993104250293e+01
6.902698573202798116e+00 1.222934594466771685e+01
6.918422260157702119e+00 6.039861346606247139e+01
6.934145947112606123e+00 1.008217191328270985e+02
6.949869634067510127e+00 1.245590824265703418e+02
6.965593321022414131e+00 1.260841816491937806e+02
6.981317007977317246e+00 1.045296816751697975e+02
6.997040694932221250e+00 6.393801897447761462e+01
7.012764381887125253e+00 1.245184598973509971e+01
7.028488068842029257e+00 -3.939023287662313066e+01
7.044211755796933261e+00 -8.089153604089511873e+01
7.059935442751837265e+00 -1.034891974000835120e+02
7.075659129706740380e+00 -1.026053683533292400e+02
7.091382816661644384e+00 -7.865512068510244603e+01
7.107106503616548387e+00 -3.698829797315364232e+01
7.122830190571452391e+00 1.322843171252574379e+01
7.138553877526356395e+00 6.095434202509586186e+01
7.154277564481260399e+00 9.562834665712628635e+01
7.170001251436164402e+00 1.094295550367777565e+02
7.185724938391067518e+00 9.895892765386477663e+01
7.201448625345971521e+00 6.597943060064154963e+01
7.217172312300875525e+00 1.705371824111119139e+01
7.232895999255779529e+00 -3.784492272057555340e+01
7.248619686210683533e+00 -8.745190304219812560e+01
7.264343373165587536e+00 -1.216073627217998023e+02
7.280067060120490652e+00 -1.334157846229401798e+02
7.295790747075394655e+00 -1.207069459074909901e+02
7.311514434030298659e+00 -8.648627181242953554e+01
7.327238120985202663e+00 -3.827993029989794138e+01
7.342961807940106667e+00 1.348266212846330347e+01
7.358685494895010670e+00 5.770005226182418312e+01
7.374409181849914674e+00 8.496412922313560045e+01
7.390132868804817790e+00 8.955296166477063480e+01
7.405856555759721793e+00 7.062632363311232098e+01
7.421580242714625797e+00 3.237217214451671055e+01
7.437303929669529801e+00 -1.692117179232732482e+01
7.453027616624433804e+00 -6.666151240409473644e+01
7.468751303579337808e+00 -1.062268982396306427e+02
7.484474990534240924e+00 -1.272262012921468681e+02
7.500198677489144927e+00 -1.252613493724302884e+02
7.515922364444048931e+00 -1.008173229239080655e+02
7.531646051398952935e+00 -5.909692693575030376e+01
7.547369738353856938e+00 -8.846443398820586168e+00
7.563093425308760942e+00 3.956429542565042823e+01
7.578817112263664946e+00 7.638515816368142453e+01
7.594540799218568061e+00 9.456409127590637809e+01
7.610264486173472065e+00 9.121294545897241335e+01
7.625988173128376069e+00 6.815052059803282702e+01
7.641711860083280072e+00 3.141637569500322869e+01
7.657435547038184076e+00 -1.012580995054543820e+01
7.673159233993088080e+00 -4.677912575649961013e+01
7.688882920947992083e+00 -7.015571386976576207e+01
7.704606607902895199e+00 -7.499890776503094969e+01
7.720330294857799203e+00 -6.028859580756527237e+01
7.736053981812703206e+00 -2.939458678208585596e+01
7.751777668767607210e+00 1.074532258392216733e+01
7.767501355722511214e+00 5.123032958410419724e+01
7.783225042677415217e+00 8.322070364680419630e+01
7.798948729632318333e+00 9.992676549771962868e+01
7.814672416587222337e+00 9.811932742564435728e+01
7.830396103542126340e+00 7.882711338369341547e+01
7.846119790497030344e+00 4.706939441571351779e+01
7.861843477451934348e+00 1.068788723645624827e+01
7.877567164406838351e+00 -2.145701443560609789e+01
7.893290851361742355e+00 -4.151891410010193795e+01
7.909014538316645471e+00 -4.446923777775704423e+01
7.924738225271549474e+00 -2.926544801641647808e+01
7.940461912226453478e+00 8.814243613187286996e-01
7.956185599181357482e+00 3.920398062062127309e+01
7.971909286136261485e+00 7.688862473614075554e+01
7.987632973091165489e+00 1.050642262686372987e+02
8.003356660046069493e+00 1.168258393782260924e+02
8.019080347000972608e+00 1.088392872196636461e+02
8.034804033955877500e+00 8.216266319356483905e+01
8.050527720910780616e+00 4.209250575402364802e+01
8.066251407865683731e+00 -2.942047692792655766e+00
8.081975094820588623e+00 -4.320189896125253881e+01
8.097698781775491739e+00 -6.978078366099721563e+01
8.113422468730396631e+00 -7.659667558555977962e+01
8.129146155685299746e+00 -6.178893947811484111e+01
8.144869842640204638e+00 -2.820502740312557677e+01
8.160593529595107753e+00 1.714207368038856671e+01
8.176317216550010869e+00 6.453919552930382508e+01
8.192040903504915761e+00 1.036509182294647644e+02
8.207764590459818876e+00 1.257624048893495541e+02
8.223488277414723768e+00 1.256989478180834254e+02
8.239211964369626884e+00 1.029999760322104123e+02
8.254935651324531776e+00 6.208398793667636539e+01
8.270659338279434891e+00 1.135830731024843843e+01
8.286383025234338007e+00 -3.854334506915128600e+01
8.302106712189242899e+00 -7.702157297796688340e+01
8.317830399144146014e+00 -9.578551097120988800e+01
8.333554086099050906e+00 -9.064934439919555587e+01
8.349277773053954022e+00 -6.246010245312159981e+01
8.365001460008857137e+00 -1.695109824983315150e+01
8.380725146963762029e+00 3.645373478274665757e+01
8.396448833918665144e+00 8.663287159486799283e+01
8.412172520873570036e+00 1.231328174777288211e+02
8.427896207828473152e+00 1.383996112997382966e+02
8.443619894783378044e+00 1.293966560578230656e+02
8.459343581738281159e+00 9.826000148175529603e+01
8.475067268693184275e+00 5.184840383492077365e+01
8.490790955648089167e+00 2.828193770528173445e-01
8.506514642602992282e+00 -4.521273843179132967e+01
8.522238329557897174e+00 -7.470673964474056561e+01
8.537962016512800290e+00 -8.167896227269504550e+01
8.553685703467705181e+00 -6.440903468184690439e+01
8.569409390422608297e+00 -2.633823742852155902e+01
8.585133077377511412e+00 2.467116250054173676e+01
8.600856764332416304e+00 7.801806776931880449e+01
8.616580451287319420e+00 1.226235906196214813e+02
8.632304138242224312e+00 1.492852130340091037e+02
8.648027825197127427e+00 1.526199868239220336e+02
8.663751512152032319e+00 1.321828815789545502e+02
8.679475199106935435e+00 9.252529583371699573e+01
8.695198886061838550e+00 4.218747429812478345e+01
8.710922573016743442e+00 -8.152420385967303673e+00
8.726646259971646558e+00 -4.796997617745494580e+01
8.742369946926551449e+00 -6.913223464649625782e+01
8.758093633881454565e+00 -6.760183765927797594e+01
8.773817320836357680e+00 -4.424652153284048950e+01
8.789541007791262572e+00 -4.588527147876121148e+00
8.805264694746165688e+00 4.244147600497680628e+01
8.820988381701070580e+00 8.646699782924599731e+01
8.836712068655973695e+00 1.179136015394006307e+02
8.852435755610878587e+00 1.300531501030092159e+02
8.868159442565781703e+00 1.204044658130194136e+02
8.883883129520684818e+00 9.119456458319884007e+01
8.899606816475589710e+00 4.879189921835540389e+01
8.915330503430492826e+00 2.247857264813610811e+00
8.931054190385397717e+00 -3.872406467916280803e+01
8.946777877340300833e+00 -6.588242773415979059e+01
8.962501564295205725e+00 -7.423607883059879953e+01
8.978225251250108840e+00 -6.307990719089484344e+01
8.993948938205011956e+00 -3.606857241511038836e+01
9.009672625159916848e+00 -3.226628021151007886e-01
9.025396312114819963e+00 3.522453663430663084e+01
9.041119999069724855e+00 6.186511049560778019e+01
9.056843686024627971e+00 7.308225780349349066e+01
9.072567372979532863e+00 6.600557786686226791e+01
9.088291059934435978e+00 4.203377922057035931e+01
9.104014746889339094e+00 6.489713918454471653e+00
9.119738433844243986e+00 -3.261094579405357763e+01
9.135462120799147101e+00 -6.639827467599079114e+01
9.151185807754051993e+00 -8.717943417637980019e+01
9.166909494708955108e+00 -9.020536081918956484e+01
9.182633181663860000e+00 -7.477433839995659071e+01
9.198356868618763116e+00 -4.442181051375128931e+01
9.214080555573666231e+00 -6.149745782925307047e+00
9.229804242528571123e+00 3.113623464097221571e+01
9.245527929483474239e+00 5.863561004954004119e+01
9.261251616438379131e+00 6.965949819486361605e+01
9.276975303393282246e+00 6.118440957439059247e+01
9.292698990348185362e+00 3.460040566022978226e+01
9.308422677303090254e+00 -4.522363286205312249e+00
9.324146364257993369e+00 -4.760769851750296056e+01
9.339870051212898261e+00 -8.493740412468409318e+01
9.355593738167801376e+00 -1.077991799709383969e+02
9.371317425122706268e+00 -1.104452238830663475e+02
9.387041112077609384e+00 -9.142544759137874166e+01
9.402764799032512499e+00 -5.399278665337875083e+01
9.418488485987417391e+00 -5.479453516065357022e+00
9.434212172942320507e+00 4.423166956554514684e+01
9.449935859897225399e+00 8.481631097229163174e+01
9.465659546852128514e+00 1.077440056822981091e+02
9.481383233807033406e+00 1.081523998598239302e+02
9.497106920761936522e+00 8.594802771268955155e+01
9.512830607716839637e+00 4.588581841984844800e+01
9.528554294671744529e+00 -3.400203009931301423e+00
9.544277981626647644e+00 -5.121472279637593772e+01
9.560001668581552536e+00 -8.708129418888525208e+01
9.575725355536455652e+00 -1.029955024970712287e+02
9.591449042491360544e+00 -9.516420220569077060e+01
9.607172729446263659e+00 -6.485190979550957024e+01
9.622896416401166775e+00 -1.814614846987102226e+01
9.638620103356071667e+00 3.531403976099197450e+01
9.654343790310974782e+00 8.437826856981016022e+01
9.670067477265879674e+00 1.187586095026131545e+02
9.685791164220782790e+00 1.312283890238449260e+02
9.701514851175687681e+00 1.191733114154535542e+02
9.717238538130590797e+00 8.516025708902344604e+01
9.732962225085493913e+00 3.639958891043688993e+01
9.748685912040398804e+00 -1.678557543385988637e+01
9.764409598995301920e+00 -6.315615630061069652e+01
9.780133285950206812e+00 -9.294970315575059772e+01
9.795856972905109927e+00 -9.995638456516434189e+01
9.811580659860013043e+00 -8.283411438688668227e+01
9.827304346814917935e+00 -4.538223601807602137e+01
9.843028033769821050e+00 4.282935118145314135e+00
9.858751720724725942e+00 5.547166645367439486e+01
9.874475407679629058e+00 9.720764125451626114e+01
9.890199094634533949e+00 1.205667868898056838e+02
9.905922781589437065e+00 1.205673641772697380e+02
9.921646468544340181e+00 9.720889089543862838e+01
9.937370155499245072e+00 5.544200055957692541e+01
9.953093842454148188e+00 4.081980066996438339e+00
9.968817529409053080e+00 -4.609445662633999063e+01
9.984541216363956195e+00 -8.465555492951426686e+01
1.000026490331886109e+01 -1.037265183463089784e+02
1.001598859027376420e+01 -9.963341478857090294e+01
1.003171227722866732e+01 -7.363118727509932171e+01
1.004743596418357221e+01 -3.156811789924981326e+01
1.006315965113847533e+01 1.743026681685431711e+01
1.007888333809338022e+01 6.296388482521343377e+01
1.009460702504828333e+01 9.560771911450255800e+01
1.011033071200318822e+01 1.089194728730246311e+02
1.012605439895809134e+01 1.007736325080124686e+02
1.014177808591299446e+01 7.374089832466178507e+01
1.015750177286789935e+01 3.444241223582273648e+01
1.017322545982280246e+01 -7.967726802571746703e+00
1.018894914677770736e+01 -4.384950317913852302e+01
1.020467283373261047e+01 -6.519912778976321022e+01
1.022039652068751359e+01 -6.737994676149160966e+01
1.023612020764241848e+01 -5.008623919442031536e+01
1.025184389459732159e+01 -1.733633091006628035e+01
1.026756758155222649e+01 2.349274936997307961e+01
1.028329126850712960e+01 6.336525846934161876e+01
1.029901495546203449e+01 9.363674823975969730e+01
1.031473864241693761e+01 1.079946308887992927e+02
1.033046232937184072e+01 1.038570868738562751e+02
1.034618601632674562e+01 8.292101311869777192e+01
1.036190970328164873e+01 5.074076234156506615e+01
1.037763339023655362e+01 1.543612903293711014e+01
1.039335707719145674e+01 -1.417767564728750784e+01
1.040908076414636163e+01 -3.061648912958197855e+01
1.042480445110126475e+01 -2.945368089652139076e+01
1.044052813805616786e+01 -1.035707176454052103e+01
1.045625182501107275e+01 2.279955651631296831e+01
1.047197551196597587e+01 6.277961211003449193e+01
1.048769919892088076e+01 1.005970846294029002e+02
1.050342288587578388e+01 1.275424382475509191e+02
1.051914657283068877e+01 1.371688993327397839e+02
1.053487025978559188e+01 1.267928470597475012e+02
1.055059394674049500e+01 9.816714916636888688e+01
1.056631763369539989e+01 5.716790425974127032e+01
1.058204132065030301e+01 1.255332590153893335e+01
1.059776500760520790e+01 -2.593967134770355898e+01
1.061348869456011101e+01 -4.974605133918379352e+01
1.062921238151501591e+01 -5.339635294671555243e+01
1.064493606846991902e+01 -3.578479476103001389e+01
1.066065975542482214e+01 -4.933855098801984695e-01
1.067638344237972703e+01 4.491132288744412904e+01
1.069210712933463014e+01 9.046706971839495282e+01
1.070783081628953504e+01 1.259526224613975103e+02
1.072355450324443815e+01 1.431112250763298164e+02
1.073927819019934127e+01 1.374760412030438488e+02
1.075500187715424616e+01 1.093951724492245603e+02
1.077072556410914927e+01 6.402467524562186441e+01
1.078644925106405417e+01 1.028066640376465912e+01
1.080217293801895728e+01 -4.103214194241263613e+01
1.081789662497386217e+01 -7.951758012536208753e+01
1.083362031192876529e+01 -9.741764028013223253e+01
1.084934399888366841e+01 -9.129255425970048066e+01
1.086506768583857330e+01 -6.278507009598391875e+01
1.088079137279347641e+01 -1.829841123103011569e+01
1.089651505974838130e+01 3.234896010768110841e+01
1.091223874670328442e+01 7.800759734210484453e+01
1.092796243365818931e+01 1.085756068923879809e+02
1.094368612061309243e+01 1.171616301924953092e+02
1.095940980756799554e+01 1.015671517823800514e+02
1.097513349452290043e+01 6.476817920985068611e+01
1.099085718147780355e+01 1.429080951196006133e+01
1.100658086843270844e+01 -3.938721872162588511e+01
1.102230455538761156e+01 -8.506744255172412750e+01
1.103802824234251645e+01 -1.132164305405492115e+02
1.105375192929741957e+01 -1.179954183478386085e+02
1.106947561625232268e+01 -9.849949486972806767e+01
1.108519930320722757e+01 -5.894204202152442917e+01
1.110092299016213069e+01 -7.746842191220697948e+00
1.111664667711703558e+01 4.425527920534152315e+01
1.113237036407193870e+01 8.613676354275405345e+01
1.114809405102684181e+01 1.091944592995944845e+02
1.116381773798174670e+01 1.087848959726527625e+02
1.117954142493664982e+01 8.528328051202284144e+01
1.119526511189155471e+01 4.396569235273017995e+01
1.121098879884645783e+01 -6.153814765133214237e+00
1.122671248580136272e+01 -5.427519320616377030e+01
1.124243617275626583e+01 -9.012945933810014765e+01
1.125815985971116895e+01 -1.061611516461473883e+02
1.127388354666607384e+01 -9.910904487693487397e+01
1.128960723362097696e+01 -7.065110239078862264e+01
1.130533092057588185e+01 -2.698400218941934980e+01
1.132105460753078496e+01 2.256150681981575445e+01
1.133677829448568986e+01 6.756086370739502911e+01
1.135250198144059297e+01 9.874413494369665045e+01
1.136822566839549609e+01 1.099644246433636852e+02
1.138394935535040098e+01 9.946356772450454287e+01
1.139967304230530409e+01 7.016925340981825343e+01
1.141539672926020899e+01 2.897109240519818840e+01
1.143112041621511210e+01 -1.485386573948753863e+01
1.144684410317001699e+01 -5.171176922261926734e+01
1.146256779012492011e+01 -7.379948157443914170e+01
1.147829147707982322e+01 -7.678624764624790089e+01
1.149401516403472812e+01 -6.070481513385396966e+01
1.150973885098963123e+01 -2.986469863357296006e+01
1.152546253794453612e+01 8.182455306242353288e+00
1.154118622489943924e+01 4.438629585756461893e+01
1.155690991185434413e+01 7.025586739087805199e+01
1.157263359880924725e+01 7.977128223226439729e+01
1.158835728576415036e+01 7.072331201913029020e+01
1.160408097271905525e+01 4.518486651126372777e+01
1.161980465967395837e+01 9.013137640516749371e+00
1.163552834662886326e+01 -2.950213203609922274e+01
1.165125203358376638e+01 -6.153830128867375038e+01
1.166697572053866949e+01 -7.975933386605919395e+01
1.168269940749357438e+01 -8.000038612190049037e+01
1.169842309444847750e+01 -6.223733514841028125e+01
1.171414678140338239e+01 -3.062053494959748434e+01
1.172987046835828551e+01 7.438975996641087107e+00
1.174559415531319040e+01 4.293045702236206296e+01
1.176131784226809351e+01 6.728303839904593531e+01
1.177704152922299663e+01 7.432842606551604092e+01
1.179276521617790152e+01 6.174537638118717808e+01
1.180848890313280464e+01 3.165694032394699065e+01
1.182421259008770953e+01 -9.762333811627538438e+00
1.183993627704261264e+01 -5.359288402517670136e+01
1.185565996399751754e+01 -9.011012413835064194e+01
1.187138365095242065e+01 -1.109344354286652958e+02
1.188710733790732377e+01 -1.109168781064592508e+02
1.190283102486222866e+01 -8.933992251945073804e+01
1.191855471181713177e+01 -5.015934183564392868e+01
1.193427839877203667e+01 -1.221827681876945348e+00
1.195000208572693978e+01 4.738251178204331637e+01
1.196572577268184467e+01 8.548205266885736364e+01
1.198144945963674779e+01 1.050329735352624994e+02
1.199717314659165091e+01 1.018940455797181386e+02
1.201289683354655580e+01 7.677525893871086282e+01
1.202862052050145891e+01 3.514520169218475587e+01
1.204434420745636380e+01 -1.389307941701999916e+01
1.206006789441126692e+01 -5.952366225965109692e+01
1.207579158136617181e+01 -9.152770704060390017e+01
1.209151526832107493e+01 -1.024854508880426067e+02
1.210723895527597804e+01 -8.939382354435407763e+01
1.212296264223088293e+01 -5.434661282647041247e+01
1.213868632918578605e+01 -4.124609734212548062e+00
1.215441001614069094e+01 5.122231139419525192e+01
1.217013370309559406e+01 1.005013525669999410e+02
1.218585739005049717e+01 1.337573942783025416e+02
1.220158107700540207e+01 1.443977045430494286e+02
1.221730476396030518e+01 1.306038345891210497e+02
1.223302845091521007e+01 9.572588913574136882e+01
1.224875213787011319e+01 4.757251426518789117e+01
1.226447582482501808e+01 -3.252843981574777388e+00
1.228019951177992120e+01 -4.561376912152739749e+01
1.229592319873482431e+01 -7.021646844138447818e+01
1.231164688568972920e+01 -7.159032986153238198e+01
1.232737057264463232e+01 -4.924965310088521164e+01
1.234309425959953721e+01 -7.788906222385023170e+00
1.235881794655444033e+01 4.410691800803557783e+01
1.237454163350934522e+01 9.552243955360808059e+01
1.239026532046424833e+01 1.356418704228314880e+02
1.240598900741915145e+01 1.560485796912908540e+02
1.242171269437405634e+01 1.525022891877801783e+02
1.243743638132895946e+01 1.258160583151474157e+02
1.245316006828386435e+01 8.165019455567841078e+01
1.246888375523876746e+01 2.927372082466747472e+01
1.248460744219367236e+01 -2.043449200962916024e+01
1.250033112914857547e+01 -5.731111267314806668e+01
1.251605481610347859e+01 -7.405914447892935470e+01
1.253177850305838348e+01 -6.776418849524284838e+01
1.254750219001328659e+01 -4.045639540915129118e+01
1.256322587696819149e+01 1.393409851847183134e+00
1.257894956392309460e+01 4.832407058259032340e+01
1.259467325087799772e+01 8.995821935088605414e+01
1.261039693783290261e+01 1.172456202930221423e+02
1.262612062478780572e+01 1.243889122042449600e+02
1.264184431174271062e+01 1.100386067315417762e+02
1.265756799869761373e+01 7.750705238654369111e+01
1.267329168565251862e+01 3.396703055050422648e+01
1.268901537260742174e+01 -1.117774410641685989e+01
1.270473905956232485e+01 -4.838409469157284093e+01
1.272046274651722975e+01 -7.005939015218631027e+01
1.273618643347213286e+01 -7.219162245713280868e+01
1.275191012042703775e+01 -5.516656049552234720e+01
1.276763380738194087e+01 -2.360118850626233211e+01
1.278335749433684576e+01 1.475893148912860298e+01
1.279908118129174888e+01 5.082432343157261556e+01
1.281480486824665199e+01 7.622523855695870054e+01
1.283052855520155688e+01 8.519220475434406126e+01
1.284625224215646000e+01 7.583499534867350178e+01
1.286197592911136489e+01 5.053767470018744490e+01
1.287769961606626801e+01 1.538565952632677991e+01
1.289342330302117290e+01 -2.124292126932398617e+01
1.290914698997607601e+01 -5.060285596005169850e+01
1.292487067693097913e+01 -6.559053467556464057e+01
1.294059436388588402e+01 -6.238324745952079553e+01
1.295631805084078714e+01 -4.133895530283149355e+01
1.297204173779569203e+01 -6.951288836616051015e+00
1.298776542475059514e+01 3.313449564855391571e+01
1.300348911170550004e+01 6.982858009228407070e+01
1.301921279866040315e+01 9.464772926903310690e+01
1.303493648561530627e+01 1.016523524370278722e+02
1.305066017257021116e+01 8.883368118408480996e+01
1.306638385952511427e+01 5.863469224474829389e+01
1.308210754648001917e+01 1.747889851144122275e+01
1.309783123343492228e+01 -2.559912426560382670e+01
1.311355492038982540e+01 -6.092707565960791527e+01
1.312927860734473029e+01 -8.034086769314151866e+01
1.314500229429963341e+01 -7.902932972114903976e+01
1.316072598125453830e+01 -5.666560156087682287e+01
1.317644966820944141e+01 -1.756630461778514984e+01
1.319217335516434630e+01 3.016891624967470165e+01
1.320789704211924942e+01 7.636114650012677885e+01
1.322362072907415254e+01 1.109359909992248561e+02
1.323934441602905743e+01 1.261152896650054913e+02
1.325506810298396054e+01 1.181382755353089067e+02
1.327079178993886543e+01 8.813189051291061560e+01
1.328651547689376855e+01 4.193198933973582854e+01
1.330223916384867344e+01 -1.111619613370391768e+01
1.331796285080357656e+01 -6.012783803388282422e+01
1.333368653775847967e+01 -9.499886060779093100e+01
1.334941022471338457e+01 -1.085780605676198860e+02
1.336513391166828768e+01 -9.822085506400536303e+01
1.338085759862319257e+01 -6.638526698640549739e+01
1.339658128557809569e+01 -2.013573396076073152e+01
1.341230497253300058e+01 3.034458926836551029e+01
1.342802865948790370e+01 7.391799066907853444e+01
1.344375234644280681e+01 1.008706094474304393e+02
1.345947603339771170e+01 1.049949882003400319e+02
1.347519972035261482e+01 8.492870092150943151e+01
1.349092340730751971e+01 4.445982787302377659e+01
1.350664709426242283e+01 -8.268417412417456092e+00
1.352237078121732594e+01 -6.248510199122871711e+01
1.353809446817223083e+01 -1.070817807581866106e+02
1.355381815512713395e+01 -1.329751526685164436e+02
1.356954184208203884e+01 -1.350362280118793592e+02
1.358526552903694196e+01 -1.131733478499589296e+02
1.360098921599184685e+01 -7.233839645362682802e+01
1.361671290294674996e+01 -2.145696204904854199e+01
1.363243658990165308e+01 2.848591425353979290e+01
1.364816027685655797e+01 6.679217537693699569e+01
1.366388396381146109e+01 8.532568321516467336e+01
1.367960765076636598e+01 8.022912615014389814e+01
1.369533133772126909e+01 5.271815105452649419e+01
1.371105502467617399e+01 8.787763458563333074e+00
1.372677871163107710e+01 -4.209953385717054886e+01
1.374250239858598022e+01 -8.905605438100205618e+01
1.375822608554088511e+01 -1.220986916348381612e+02
1.377394977249578822e+01 -1.342643006500371143e+02
1.378967345945069312e+01 -1.230586171458136278e+02
1.380539714640559623e+01 -9.093362693802217223e+01
1.382112083336050112e+01 -4.470017589034564764e+01
1.383684452031540424e+01 5.986884738482629587e+00
1.385256820727030735e+01 5.073465000353083099e+01
1.386829189422521225e+01 8.064816806184380482e+01
1.388401558118011536e+01 9.021175014784118673e+01
1.389973926813502025e+01 7.841255036209801688e+01
1.391546295508992337e+01 4.887202435457201233e+01
1.393118664204482826e+01 8.969112007620775984e+00
1.394691032899973138e+01 -3.184110650777112994e+01
1.396263401595463449e+01 -6.413597014570655119e+01
1.397835770290953938e+01 -8.059409142718746466e+01
1.399408138986444250e+01 -7.757096588987252517e+01
1.400980507681934739e+01 -5.584055170116147337e+01
1.402552876377425051e+01 -2.034879008574734272e+01
1.404125245072915362e+01 2.095568664280873605e+01
1.405697613768405851e+01 5.894503687151026838e+01
1.407269982463896163e+01 8.537848932515976230e+01
1.408842351159386652e+01 9.474904775047551198e+01
1.410414719854876964e+01 8.549990168738239049e+01
1.411987088550367453e+01 6.034229562527509927e+01
1.413559457245857764e+01 2.560807678264809795e+01
1.415131825941348076e+01 -1.021416351079931317e+01
1.416704194636838565e+01 -3.842834494291630421e+01
1.418276563332328877e+01 -5.212637554972567955e+01
1.419848932027819366e+01 -4.778038551942972845e+01
1.421421300723309677e+01 -2.607211084400988454e+01
1.422993669418800167e+01 8.230059556384702546e+00
1.424566038114290478e+01 4.732315110571107653e+01
1.426138406809780790e+01 8.211941742730391525e+01
1.427710775505271279e+01 1.043051776520939313e+02
1.429283144200761591e+01 1.082484824243334600e+02
1.430855512896252080e+01 9.232601261893043443e+01
1.432427881591742391e+01 5.936594362971209193e+01
1.434000250287232880e+01 1.609803469257532527e+01
1.435572618982723192e+01 -2.827779103099168623e+01
1.437144987678213504e+01 -6.409616137730172625e+01
1.438717356373703993e+01 -8.336584150474331523e+01
1.440289725069194304e+01 -8.157148187999968059e+01
1.441862093764684793e+01 -5.873465602978288302e+01
1.443434462460175105e+01 -1.949059795405387518e+01
1.445006831155665417e+01 2.784866425287534497e+01
1.446579199851155906e+01 7.305151707975898034e+01
1.448151568546646217e+01 1.061690248959600353e+02
1.449723937242136707e+01 1.197056840847245951e+02
1.451296305937627018e+01 1.102843299002805253e+02
1.452868674633117507e+01 7.943681081564278657e+01
1.454441043328607819e+01 3.333926650439785533e+01
1.456013412024098130e+01 -1.846100537095213667e+01
1.457585780719588620e+01 -6.506052599559029659e+01
1.459158149415078931e+01 -9.652675894659716960e+01
1.460730518110569420e+01 -1.060368350340932722e+02
1.462302886806059732e+01 -9.136467604845110202e+01
1.463875255501550221e+01 -5.539129848478788176e+01
1.465447624197040533e+01 -5.522243886703563476e+00
1.467019992892530844e+01 4.786860677240072448e+01
1.468592361588021333e+01 9.363899984011075617e+01
1.470164730283511645e+01 1.222520644722849852e+02
1.471737098979002134e+01 1.278146884321986079e+02
1.473309467674492446e+01 1.093419190575875319e+02
1.474881836369982935e+01 7.097414105692010367e+01
1.476454205065473246e+01 2.109838495666753033e+01
1.478026573760963558e+01 -2.943941926843278623e+01
1.479598942456454047e+01 -6.964891797754498270e+01
1.481171311151944359e+01 -9.074087230059646458e+01
1.482743679847434848e+01 -8.800140568194805724e+01
1.484316048542925159e+01 -6.179401950469991789e+01
1.485888417238415649e+01 -1.747603896183030514e+01
1.487460785933905960e+01 3.575056934849071411e+01
1.489033154629396272e+01 8.680545469575852735e+01
1.490605523324886761e+01 1.250899882630750284e+02
1.492177892020377072e+01 1.427348005400035618e+02
1.493750260715867562e+01 1.362543311960760093e+02
1.495322629411357873e+01 1.072572414941836882e+02
1.496894998106848185e+01 6.206586318168400851e+01
1.498467366802338674e+01 1.033288695109859745e+01
1.500039735497828985e+01 -3.704161068409575819e+01
1.501612104193319475e+01 -7.024124012420665508e+01
1.503184472888809786e+01 -8.261062396182562395e+01
1.504756841584300275e+01 -7.203538424465554613e+01
1.506329210279790587e+01 -4.133481433567705210e+01
1.507901578975280898e+01 2.407552661096386437e+00
1.509473947670771388e+01 4.942046130346233213e+01
1.511046316366261699e+01 8.937898339893722266e+01
1.512618685061752188e+01 1.136292401106750987e+02
1.514191053757242500e+01 1.170218099774058089e+02
1.515763422452732989e+01 9.896147846425031958e+01
1.517335791148223301e+01 6.345517026269493499e+01
1.518908159843713612e+01 1.816011007562403279e+01
1.520480528539204101e+01 -2.734785283377537013e+01
1.522052897234694413e+01 -6.369779421100023598e+01
1.523625265930184902e+01 -8.376939228586913089e+01
1.525197634625675214e+01 -8.421275770793012327e+01
1.526770003321165703e+01 -6.611431018211631283e+01
1.528342372016656014e+01 -3.467163677088390727e+01
1.529914740712146326e+01 2.039927713393300479e+00
1.531487109407636815e+01 3.492620738094529997e+01
1.533059478103127127e+01 5.593945063570942011e+01
1.534631846798617616e+01 5.988795499559509494e+01
1.536204215494107927e+01 4.558770077716258129e+01
1.537776584189598417e+01 1.610223102244507487e+01
1.539348952885088728e+01 -2.197862363528582108e+01
1.540921321580579040e+01 -6.005584389329793282e+01
1.542493690276069529e+01 -8.949131709947963031e+01
1.544066058971559841e+01 -1.035871516609212648e+02
1.545638427667050330e+01 -9.912837455040990164e+01
1.547210796362540641e+01 -7.714046414361848747e+01
1.548783165058030953e+01 -4.268827161260368541e+01
1.550355533753521442e+01 -3.757019865673873582e+00
1.551927902449011754e+01 3.053823300710858391e+01
1.553500271144502243e+01 5.201671239208920383e+01
1.555072639839992554e+01 5.530806032933251970e+01
1.556645008535483043e+01 3.911770813009528069e+01
1.558217377230973355e+01 6.591761134596005434e+00
1.559789745926463667e+01 -3.531005213290973188e+01
1.561362114621954156e+01 -7.730486294875203157e+01
1.562934483317444467e+01 -1.098189942494671669e+02
1.564506852012934957e+01 -1.251171965042597378e+02
1.566079220708425268e+01 -1.190578894329082402e+02
1.567651589403915757e+01 -9.208133980656643303e+01
1.569223958099406069e+01 -4.920287532075741410e+01
1.570796326794896558e+01 9.999999999973459008e-01
